100
4
2 3 4 1
4
3 3 4 1
4
3 3 4 3
10
7 8 10 10 9 2 9 6 3 3
10
2 3 1 10 3 5 6 7 8 9
101
100 83 27 42 45 101 60 1 12 11 10 37 94 88 33 83 84 28 4 38 72 19 97 13 63 82 34 52 6 18 65 14 90 21 19 64 86 92 74 66 57 98 36 25 73 44 91 15 53 58 46 9 61 29 95 26 43 39 8 3 40 24 11 62 20 68 93 18 22 31 80 47 96 16 41 73 48 42 51 59 67 49 56 32 79 85 66 71 70 89 48 50 69 23 39 81 7 54 68 5 75
500
159 255 331 281 279 454 332 187 168 124 446 416 236 375 374 268 284 444 485 412 500 4 482 351 479 22 114 373 374 1 379 401 473 469 259 83 241 339 208 19 3 9 311 343 332 274 319 286 394 268 60 297 476 432 409 149 371 425 173 91 190 23 402 97 134 468 121 263 3 229 435 252 324 355 345 132 491 478 60 104 477 487 238 180 389 330 24 457 178 243 371 329 81 404 183 449 202 445 144 65 313 237 226 94 349 245 131 139 4 113 415 383 220 499 168 175 451 342 81 112 84 353 111 150 77 88 270 473 327 155 63 166 42 157 328 187 16 157 53 316 293 458 41 120 109 70 409 192 257 352 137 112 48 290 397 396 7 416 56 479 482 200 200 280 372 57 200 474 150 324 43 314 247 465 140 203 377 13 467 130 286 47 428 208 318 391 208 498 416 468 299 283 16 210 488 335 323 254 143 144 260 406 105 69 229 149 72 214 422 118 447 442 421 164 293 269 11 77 333 10 62 436 12 347 354 257 390 131 126 437 398 174 110 472 343 495 67 242 463 318 321 363 102 494 305 198 313 416 488 362 339 328 487 224 442 125 123 90 291 107 50 203 174 184 249 210 254 354 97 343 75 310 337 161 236 346 127 318 14 295 181 458 143 400 440 467 316 2 159 92 337 469 74 21 119 249 367 355 171 317 441 337 121 490 54 252 40 109 7 125 301 286 207 463 338 279 300 312 405 404 413 261 38 416 376 3 223 203 64 86 227 122 382 485 168 63 258 237 165 34 234 411 173 233 29 182 92 458 385 37 87 308 483 378 478 464 301 6 475 374 248 311 292 134 16 170 436 205 492 330 27 167 197 177 11 481 133 71 52 458 231 426 438 500 104 382 31 283 362 183 414 419 204 434 287 8 246 61 304 306 270 344 69 459 235 494 244 9 180 421 379 39 346 193 20 100 202 341 288 469 76 215 83 441 191 209 211 287 334 269 147 374 175 33 363 296 146 382 153 426 418 245 356 163 126 381 457 29 192 230 213 253 252 131 231 206 288 341 373 244 437 445 145 376 237 381 178 358 118 198 339 289 21 186 230 299 221 350 67 237 13 327 108 280 59 102 252 359 321 60 117 324 285 394 449 174 272 29 273 497
53
34 18 39 32 9 21 26 36 7 5 25 3 44 47 35 51 33 46 14 9 17 46 20 40 23 5 52 53 31 6 43 30 10 41 42 22 48 45 34 19 49 37 41 50 27 18 12 29 1 8 28 11 2
20
8 16 16 14 15 7 13 9 12 5 20 18 2 3 9 7 4 15 14 4
870
445 868 827 327 564 397 249 67 740 78 219 211 353 270 543 295 40 244 726 671 268 363 816 115 126 71 146 770 807 4 633 409 439 348 576 734 179 851 448 453 374 758 447 224 175 568 449 104 283 616 419 145 321 188 339 200 682 350 468 144 154 114 751 402 264 381 279 210 158 195 803 193 404 480 27 143 590 655 269 829 552 818 143 376 802 301 532 542 165 167 721 154 227 362 356 290 15 420 327 571 597 155 813 311 414 125 774 696 693 731 338 210 798 634 817 114 380 471 11 700 198 457 224 67 591 512 173 487 166 120 586 403 786 216 553 397 516 666 332 690 780 811 18 458 457 268 831 818 278 57 187 359 236 621 37 242 249 757 510 543 138 743 330 3 357 673 845 226 232 327 126 303 408 675 458 257 417 533 753 376 50 732 805 388 223 582 799 581 780 468 194 452 534 596 699 703 125 6 120 205 845 391 485 455 613 173 656 673 521 842 801 103 510 705 262 409 18 757 515 310 649 533 122 731 73 232 322 260 336 564 16 498 850 145 454 197 245 657 648 571 352 160 309 389 487 168 568 257 407 511 704 675 274 745 290 234 632 463 210 597 808 88 697 131 165 868 706 611 342 542 513 65 469 858 592 793 226 840 831 383 604 753 15 479 8 797 552 410 678 75 136 802 442 484 155 369 526 32 615 764 711 752 273 792 405 757 176 154 582 633 395 307 162 5 409 140 614 570 25 20 22 392 737 764 299 497 795 290 397 431 721 236 597 304 395 114 297 111 79 225 151 208 672 717 754 136 26 377 428 382 133 721 383 674 317 462 640 735 731 142 454 833 52 74 252 3 543 208 326 79 869 384 465 517 542 336 629 311 808 866 707 137 598 472 765 115 200 694 562 393 242 23 749 123 265 168 645 747 204 186 750 159 261 415 210 690 572 164 455 75 619 426 400 23 322 367 130 610 281 177 672 265 520 307 610 693 382 313 91 348 787 115 338 247 523 284 773 241 465 277 301 598 764 597 591 503 418 167 263 86 203 344 71 546 316 388 370 530 626 765 869 540 526 423 563 541 650 816 730 608 776 254 91 121 235 740 40 280 719 670 639 688 559 585 855 135 445 744 212 802 580 325 317 60 784 263 593 538 699 754 436 46 257 18 451 566 421 28 789 810 349 835 678 769 262 117 608 15 207 205 644 358 194 549 358 593 81 181 351 101 37 173 374 271 680 297 114 568 835 806 561 341 53 151 840 731 594 538 275 549 395 500 486 348 136 394 664 601 637 5 866 825 439 169 49 724 518 615 408 84 141 21 816 127 485 326 287 297 593 735 815 645 259 291 317 41 536 382 782 270 257 318 271 345 185 575 669 680 280 791 623 656 637 51 838 392 508 474 196 807 525 744 605 802 58 50 277 132 542 50 418 146 229 708 490 300 647 419 561 628 101 820 666 832 475 507 865 444 293 469 806 342 694 86 337 617 189 365 238 416 748 153 484 595 157 505 242 196 468 300 857 800 102 190 571 864 764 452 785 431 775 540 649 58 184 39 406 131 789 201 357 791 313 806 853 655 139 579 114 475 640 601 18 809 168 535 552 191 70 462 425 777 188 781 403 143 394 48 807 619 322 751 66 50 674 173 428 507 195 371 249 514 81 710 462 504 596 598 391 435 274 576 419 727 340 849 98 595 842 619 725 242 583 185 252 212 659 664 394 849 79 430 842 737 297 488 144 379 371 134 273 379 550 378 453 7 151 619 672 549 444 556 565 296 361 547 524 806 794 776 628 580 109 661 843 764 316 629 242 659 187 418 235 576 760 519 432 782 3 117 626 845 130 528 474 571 607 628 192 599 568 68 652 422 443 255 368 561 681 710 482 387 84 801 293 126 687 724 504 807 749 43 346 338 671 614 352 64 731 689 457 745 592 419 464 564 50 391 695 561 477 610 82 431 815 297 350 30 191 260 154 66 402 202 683 401 648 268 754 551
128
63 21 116 125 100 101 90 93 125 127 53 55 44 83 68 125 53 100 91 98 92 55 32 61 59 17 122 127 77 114 43 111 66 123 80 53 93 50 62 45 91 70 27 4 28 99 48 99 23 61 16 71 114 7 13 40 26 43 80 108 75 18 1 111 34 44 15 9 101 119 52 54 56 73 24 23 116 60 57 74 85 86 14 92 96 76 78 98 116 54 119 58 37 36 122 126 95 14 48 127 70 91 120 77 47 84 124 85 5 113 23 22 66 53 53 104 83 121 98 75 126 1 42 25 22 118 40 45
10
3 6 8 1 6 10 5 1 3 4
51
38 42 29 12 45 14 28 9 11 5 49 2 18 6 14 25 31 23 8 15 40 36 48 35 27 19 30 20 34 17 32 6 41 46 10 1 22 7 16 43 44 13 9 4 51 50 39 33 43 26 21
10
8 6 10 2 1 5 4 7 5 5
1000
331 277 777 503 13 905 483 367 667 371 691 956 5 601 440 606 605 239 280 804 692 626 647 359 413 910 627 982 456 603 645 735 650 237 220 453 819 941 865 998 752 962 754 631 310 847 373 684 625 333 595 855 985 379 154 372 415 940 62 157 225 338 578 224 520 213 839 840 80 136 736 361 930 965 753 902 490 914 511 69 405 669 971 745 245 542 921 204 100 96 226 846 177 143 329 238 825 860 600 89 978 653 806 29 697 344 926 898 168 748 769 646 256 621 387 827 481 870 426 951 555 179 173 767 677 824 160 672 775 622 281 441 761 445 640 112 531 734 487 363 71 714 195 386 496 738 475 411 442 644 375 83 545 55 428 829 698 612 214 447 484 502 219 227 901 586 843 693 221 518 635 73 822 937 707 451 93 952 449 437 482 185 201 403 535 947 948 328 534 884 526 303 233 308 81 267 390 906 272 887 183 181 74 88 805 351 259 589 460 581 448 431 517 159 915 418 976 774 575 436 169 996 990 64 61 376 420 321 275 397 558 629 193 240 801 945 434 207 18 234 630 330 247 123 936 68 243 610 864 548 318 164 270 942 709 113 715 414 743 493 896 668 325 679 279 254 196 744 432 253 510 199 60 556 401 661 2 892 673 894 131 365 306 925 779 671 939 366 452 317 557 47 407 706 823 570 116 749 849 695 393 357 920 192 562 283 519 54 46 45 979 604 350 485 938 530 290 235 802 762 228 713 408 680 263 8 454 188 95 242 787 809 50 766 857 576 497 505 250 465 813 877 851 106 958 514 917 916 654 313 314 537 38 3 721 560 155 681 203 507 170 810 844 346 435 288 470 791 636 708 838 56 666 298 151 800 633 360 551 719 494 678 959 466 841 144 115 127 561 104 973 462 301 964 660 927 230 583 837 991 340 410 184 637 289 968 293 323 689 402 307 552 297 200 527 536 943 216 572 138 890 688 781 954 893 732 854 23 544 43 212 269 467 433 322 550 180 833 726 617 132 149 663 816 134 913 52 211 807 158 22 687 459 607 569 652 87 696 970 57 194 539 933 790 404 392 876 382 835 788 703 852 130 886 147 662 741 585 512 953 980 349 99 161 811 10 139 780 638 500 190 821 260 381 292 145 399 353 608 969 699 162 859 229 963 559 450 922 960 271 79 479 252 729 571 974 148 305 163 166 19 895 400 547 820 191 419 657 634 316 12 686 282 273 831 416 25 879 900 862 872 86 751 429 153 957 524 468 655 72 848 412 923 784 121 274 771 231 878 356 891 919 889 881 986 587 182 599 455 122 343 981 983 765 856 336 789 111 623 358 210 92 398 265 611 251 566 685 208 602 7 674 999 618 302 209 642 946 568 523 14 590 30 312 504 513 486 499 950 248 737 834 296 1 643 641 135 172 796 794 114 871 579 725 469 567 27 993 232 334 44 987 997 529 171 369 438 489 757 352 616 597 615 150 31 670 682 880 704 33 918 832 102 532 549 911 528 665 817 395 276 476 218 339 613 463 9 262 82 197 286 128 521 592 830 992 125 362 264 324 656 6 165 48 588 222 506 422 354 773 11 21 904 944 300 458 105 109 501 573 756 782 471 649 994 294 175 446 255 888 853 711 594 142 257 59 728 798 380 223 355 785 258 867 580 491 928 808 439 955 828 495 90 614 32 370 4 378 977 912 477 70 241 268 84 786 758 110 278 932 364 41 75 327 700 701 639 553 967 907 961 49 929 858 574 792 124 882 540 812 746 975 34 444 742 36 457 966 797 488 423 702 795 554 716 723 546 137 577 464 368 117 988 620 628 388 861 718 624 309 722 319 712 20 205 103 582 866 332 409 874 189 341 934 345 28 659 873 37 525 492 152 295 126 97 935 803 731 156 675 799 868 515 836 826 377 591 85 67 119 609 65 167 759 995 15 430 320 299 1000 77 472 755 427 842 596 335 304 683 98 885 783 24 249 39 770 724 584 747 118 924 541 818 63 949 146 342 720 538 648 564 768 717 385 266 474 984 461 563 421 972 863 425 53 522 261 909 337 931 140 129 76 989 198 246 658 760 543 897 26 291 740 176 78 215 348 347 651 244 17 384 508 883 710 284 107 396 727 763 498 899 750 869 814 35 94 174 315 287 58 815 533 417 694 236 598 186 187 875 690 120 178 619 424 730 733 664 772 383 509 473 42 478 394 51 778 776 406 285 764 326 141 391 516 206 217 739 101 311 91 374 389 443 202 133 565 632 793 903 16 908 676 66 705 845 108 480 40 593 850
573
106 188 550 566 177 189 86 29 87 337 341 380 446 131 413 103 211 171 440 37 535 234 571 463 317 194 247 512 33 150 170 129 213 66 408 314 204 93 52 173 26 490 346 89 540 256 397 351 511 184 240 335 543 201 444 72 287 225 31 373 98 125 360 243 448 34 154 522 153 19 65 495 139 203 36 432 536 423 137 210 62 400 279 24 473 332 418 364 196 340 439 237 347 399 391 15 454 344 428 328 343 336 469 220 148 532 48 142 4 465 265 191 60 223 319 80 235 67 363 81 306 559 163 348 248 21 293 506 520 114 49 208 539 69 545 272 140 462 384 92 349 331 159 362 436 45 91 447 396 280 97 157 143 121 146 84 14 132 227 315 514 330 288 9 415 483 338 523 101 304 376 61 180 561 515 85 502 368 40 450 453 169 96 406 307 451 228 533 412 390 112 372 35 377 124 385 529 100 178 167 431 410 509 443 548 294 350 17 438 455 503 217 389 555 187 202 39 162 371 219 525 365 236 22 481 560 285 472 260 345 284 122 437 286 166 144 242 257 487 554 507 79 271 547 312 266 134 245 95 83 516 459 136 356 552 161 382 474 361 224 212 568 164 424 13 246 94 174 324 214 262 551 158 355 517 130 73 115 250 138 416 530 141 99 27 155 263 172 470 458 43 405 110 42 25 300 301 386 359 387 326 497 90 151 392 118 267 133 41 109 425 457 461 28 323 255 51 508 491 538 333 370 569 209 108 411 8 198 460 493 244 119 500 127 534 160 449 480 309 477 426 521 292 123 456 230 558 541 494 64 305 537 475 75 2 468 484 567 353 403 252 504 478 135 145 296 452 563 570 282 76 192 113 183 82 429 339 546 5 182 20 268 544 11 419 298 430 168 327 190 486 218 321 393 564 10 88 557 185 466 496 251 63 165 12 291 527 295 195 553 181 519 420 433 404 313 147 57 270 378 464 318 70 102 402 556 357 489 276 366 156 6 261 53 278 395 492 1 505 358 18 398 197 434 221 206 3 71 111 56 16 302 297 442 116 50 471 254 259 329 281 369 54 501 334 375 542 32 186 289 58 275 176 229 299 354 549 7 573 47 120 485 498 325 482 249 435 128 105 149 322 308 107 388 179 401 467 30 513 394 215 277 565 441 417 199 342 422 74 233 152 528 274 23 78 311 421 303 104 290 241 44 531 200 445 117 407 476 572 239 283 269 499 414 207 77 526 427 510 352 409 264 55 226 524 374 320 205 518 231 273 316 216 193 68 379 59 38 232 383 238 222 488 562 253 310 479 126 367 258 46 381 175
400
151 372 354 270 92 365 1 86 265 15 285 327 389 219 22 258 78 400 126 355 4 374 132 6 194 289 211 296 373 277 57 7 143 263 3 294 79 283 77 274 163 10 81 237 125 72 26 123 317 33 357 278 184 396 118 37 165 233 75 360 177 385 254 199 12 73 371 84 323 94 325 334 121 108 281 231 152 136 167 335 225 174 164 241 309 316 169 343 366 53 54 23 166 256 120 240 387 106 293 249 247 13 64 308 342 192 172 379 31 384 82 382 96 239 104 38 298 374 186 25 336 236 262 34 21 314 229 383 18 148 273 157 328 312 202 279 147 32 244 197 386 52 332 291 85 250 226 330 168 137 159 162 391 128 319 93 89 253 261 146 42 392 83 176 41 70 361 99 29 129 187 362 180 124 87 153 110 44 49 215 154 222 142 359 205 193 369 393 311 133 290 370 122 39 178 280 232 255 339 378 74 381 36 80 156 235 223 60 234 11 16 363 299 150 375 302 69 321 95 19 134 50 105 218 397 243 248 17 300 368 217 58 228 340 90 227 367 48 119 183 352 62 63 203 139 107 210 160 135 268 288 322 76 115 28 113 377 303 221 102 97 252 301 47 399 398 138 260 144 65 380 230 310 61 269 292 45 282 337 91 196 267 185 295 88 395 347 35 220 213 56 390 68 388 245 286 356 127 40 2 208 242 394 306 204 275 344 313 103 179 224 251 67 111 206 195 173 348 338 59 345 30 346 318 190 264 130 55 161 145 140 114 284 333 171 188 209 191 9 257 320 158 24 246 238 358 350 5 259 116 297 98 376 141 353 71 170 364 349 200 182 271 101 276 329 341 149 175 272 307 117 43 181 18 14 109 214 201 331 351 8 198 287 304 324 51 112 27 216 20 212 315 131 326 266 305 155 189 100 46
10
4 5 9 9 6 7 9 4 7 5
10
8 6 1 5 10 8 9 4 3 2
100
6 13 4 3 68 1 55 40 32 18 31 57 2 41 28 98 51 10 66 38 61 80 76 96 34 94 47 15 97 99 11 9 58 25 87 54 45 20 89 8 14 72 62 79 37 49 27 52 46 77 17 48 63 36 7 59 12 33 56 91 21 43 53 74 93 19 84 5 90 100 75 42 92 64 71 23 50 88 44 22 83 85 81 67 82 95 35 78 39 69 60 73 65 26 86 24 29 16 30 70
231
108 57 128 15 59 76 83 211 108 174 198 174 107 105 185 153 38 41 115 130 3 137 191 108 221 6 156 25 61 55 133 45 229 221 98 148 106 210 101 59 159 183 207 80 129 159 192 153 35 192 89 147 19 176 81 186 103 123 154 218 105 73 58 128 214 218 65 91 146 113 107 28 63 133 124 133 194 150 175 102 55 66 30 117 55 173 133 207 102 212 31 203 176 63 26 130 98 210 210 184 40 51 132 21 219 6 38 81 59 71 150 219 120 149 64 221 157 61 133 60 158 42 164 67 72 129 180 64 209 172 182 156 76 21 1 162 85 178 200 158 99 89 180 30 182 118 85 35 153 203 156 198 216 160 215 135 221 140 19 21 171 176 47 128 14 187 215 126 229 100 32 169 89 51 59 207 219 37 187 192 74 211 108 214 79 119 116 86 100 64 178 58 134 40 141 126 164 24 74 219 2 163 145 157 156 207 159 148 45 155 68 146 107 68 31 83 226 104 61 122 223 132 52 7 171 209 129 230 27 196 178
100
77 81 32 45 13 77 6 95 55 46 7 52 17 25 36 63 96 61 90 54 13 74 42 30 82 42 85 18 24 87 45 5 13 78 74 88 11 52 79 41 3 48 29 22 67 2 66 50 6 58 12 78 99 97 57 60 1 93 64 49 70 54 23 70 75 89 47 37 2 31 43 79 8 84 40 35 46 15 94 40 99 43 72 68 73 38 55 56 63 62 62 69 44 51 83 19 14 97 27 69
100
57 23 89 24 23 36 65 58 1 45 84 96 12 76 34 28 96 25 72 64 95 52 74 97 81 53 10 20 74 40 60 41 8 54 80 63 94 100 31 10 18 84 67 49 85 44 41 79 82 55 9 90 33 43 62 72 15 50 39 19 16 26 61 100 88 68 9 70 3 4 46 78 58 83 32 21 46 94 98 42 22 69 48 86 13 14 2 68 71 32 3 8 34 59 35 30 7 87 4 36
200
157 135 135 57 185 155 140 189 122 191 32 27 60 197 180 86 70 184 121 89 151 101 109 146 194 43 76 164 145 121 4 17 56 171 164 161 64 97 95 86 91 116 158 118 76 101 169 130 180 121 161 80 190 162 156 186 28 32 107 33 167 154 98 69 114 22 115 98 62 17 133 190 12 169 139 105 6 48 103 131 176 33 42 85 194 58 189 166 136 76 17 107 173 52 64 171 14 9 148 64 60 27 124 72 116 49 127 168 184 85 86 48 158 2 199 109 45 115 123 67 175 189 75 199 138 155 3 154 88 170 190 168 192 159 33 188 140 165 200 51 6 145 90 70 150 122 166 110 138 22 43 163 199 72 185 108 188 159 93 188 49 122 193 148 38 105 199 150 50 5 141 108 162 189 144 197 97 11 34 152 26 63 117 122 188 23 85 89 114 12 33 175 34 131 5 133 115 123 144 162
10
2 7 7 7 7 7 2 7 7 7
995
239 664 338 272 364 491 4 143 690 192 206 402 390 582 629 496 601 509 366 847 678 183 452 59 940 178 436 373 361 530 447 865 914 823 787 100 994 153 37 689 57 901 601 45 920 234 533 451 942 379 774 296 805 598 38 453 417 102 269 501 236 12 167 12 572 953 119 328 987 84 283 689 965 65 971 423 944 229 543 971 525 533 314 400 585 128 22 920 729 739 699 244 992 827 803 181 438 519 141 291 635 719 696 5 9 660 71 970 924 383 578 517 93 514 80 329 869 818 98 628 416 257 308 489 114 294 242 195 988 642 539 759 608 511 259 762 906 286 859 726 563 388 95 990 180 368 213 493 949 761 775 586 110 172 574 666 757 627 246 787 184 344 39 909 945 385 241 546 846 561 934 420 818 120 973 603 91 795 431 73 711 135 250 376 202 548 212 505 577 485 157 375 820 858 359 218 508 521 176 261 29 758 337 973 177 470 613 443 535 146 895 144 591 638 474 277 692 7 753 334 837 592 949 369 703 676 18 800 654 564 297 794 279 918 605 733 54 911 788 491 24 831 155 92 316 878 689 276 741 168 103 929 298 181 36 938 427 810 60 87 735 479 146 779 885 155 117 790 639 106 857 386 469 667 684 353 186 904 233 701 464 962 794 828 331 356 653 276 339 399 551 319 467 343 712 462 441 23 8 742 136 968 746 371 472 555 506 477 729 845 848 952 731 408 152 923 766 102 394 748 813 903 928 235 16 353 654 583 137 824 459 222 834 630 772 478 155 631 664 367 667 131 406 156 709 2 274 542 396 130 141 547 276 359 778 804 567 777 790 82 188 910 285 223 666 35 876 549 365 423 596 686 715 250 881 242 647 939 230 849 536 738 674 489 811 270 265 234 57 587 935 140 398 850 803 416 258 737 313 581 94 838 615 306 578 343 160 661 49 71 744 122 298 44 744 396 943 38 208 777 908 737 566 806 376 504 423 680 275 526 657 986 61 24 529 430 79 468 26 603 158 917 686 633 988 193 760 118 402 519 853 201 732 930 877 475 801 351 671 571 54 90 812 398 991 134 99 796 646 31 301 292 348 35 198 240 534 465 77 680 594 625 497 767 43 876 981 138 446 293 365 616 421 806 104 456 328 114 688 809 228 215 113 972 575 626 707 460 21 917 34 357 781 856 280 655 412 116 645 516 176 750 984 140 595 695 756 480 439 556 305 835 13 569 160 522 262 562 220 148 621 355 300 572 58 532 545 476 267 375 976 259 442 714 969 789 628 692 209 596 170 500 966 151 903 503 597 68 679 279 651 922 928 559 771 373 926 723 414 647 937 554 512 63 561 982 618 46 713 426 302 225 78 887 835 233 382 682 226 724 221 14 176 104 112 834 353 10 20 175 65 861 939 325 121 66 822 587 690 386 807 122 470 148 482 111 158 362 974 842 338 852 52 128 134 197 963 951 338 57 702 656 281 946 902 174 471 993 758 836 752 170 482 246 899 260 180 882 191 28 163 372 70 528 431 365 540 200 50 274 276 289 681 978 864 130 1 570 590 962 641 320 47 843 859 372 168 371 15 392 437 207 18 957 975 594 204 645 863 911 945 488 129 569 959 587 894 685 345 444 838 92 919 826 868 130 801 801 807 653 898 404 956 11 15 957 750 40 848 430 177 847 565 287 352 155 502 484 967 289 227 854 951 322 356 610 349 126 437 253 222 68 893 599 302 814 342 889 677 618 135 930 821 244 789 907 182 17 161 307 55 143 602 409 860 983 486 932 277 377 302 442 668 178 198 776 35 673 710 142 255 959 916 808 537 340 351 662 921 749 411 409 747 783 734 958 609 769 658 627 252 531 708 813 317 196 696 722 208 832 401 83 819 146 338 508 806 782 30 819 604 123 866 920 915 175 236 154 32 915 790 271 923 324 116 536 941 652 406 429 798 307 403 132 63 818 523 309 973 763 297 125 883 72 816 617 592 312 754 211 890 772 431 51 829 486 648 833 875 602 780 870 712 64 845 830 579 815 670 527 828 839 194 705 977 671 179 872 879 206 8 851 322 931 825 606 360 669 16 663 217 84 504 644 115 602 985 975 463 834 171 799 41 277 570 718 805 205 397 948 27 410 185 169 492 721 124 391 593 808 473 764 273 544 455 255 703 700 538 589 632 214 892 620 189 844 520 950 303 626 683 625 849 87 440 326 529 304 976 729 659 916 859 380 918 551 608 330 564 874 97 285 156 933 85 48 454 297 325 805 786 105 631 938 195
51
45 47 37 32 31 1 48 42 19 25 35 18 21 4 7 26 3 9 36 16 14 11 50 28 29 44 20 5 46 34 49 41 12 8 24 10 48 6 51 15 27 43 40 13 37 49 39 17 46 22 38
100
58 14 22 45 44 25 33 85 11 6 42 51 38 15 14 3 49 7 71 93 30 39 13 17 5 53 52 82 91 67 9 68 21 100 41 59 54 35 96 56 2 73 65 18 61 40 66 19 32 95 97 87 78 10 31 20 36 88 92 79 69 24 60 55 72 76 64 81 43 28 4 83 16 47 26 86 50 12 37 89 84 74 57 70 48 94 75 99 46 23 34 80 1 98 62 29 90 63 27 8
20
4 12 4 18 18 13 14 19 15 9 14 13 1 16 14 2 20 20 5 19
10
5 10 2 2 6 8 5 10 1 7
100
19 40 56 17 32 84 52 60 67 38 70 35 44 2 39 99 65 36 22 45 69 25 72 53 50 18 63 87 27 6 16 54 59 75 95 51 86 81 23 80 13 25 10 24 83 43 61 88 68 12 43 94 48 47 18 41 86 9 31 28 60 82 34 85 89 30 92 33 29 4 14 66 35 21 74 17 65 75 78 98 26 11 64 15 86 97 5 3 62 61 66 71 20 68 1 15 93 67 52 53
10
8 7 9 1 7 10 2 10 6 3
50
16 8 25 10 26 18 13 30 12 4 29 9 34 47 19 32 37 6 37 17 32 24 44 22 30 5 34 14 11 25 1 21 47 13 26 18 17 46 13 22 47 4 22 23 5 23 14 46 5 24
20
20 15 9 8 4 3 9 13 3 8 7 4 11 7 2 15 12 15 11 12
200
134 60 13 137 87 136 153 56 72 169 102 99 145 12 180 172 82 79 81 176 153 192 123 33 27 53 167 82 12 10 120 68 38 187 149 138 134 60 148 18 144 165 179 118 177 128 160 50 3 183 156 190 4 12 180 146 101 28 199 28 49 146 40 135 53 44 26 36 104 77 1 76 184 76 84 175 97 72 147 68 132 77 141 86 191 131 29 39 36 79 162 6 58 162 2 46 25 158 196 156 39 42 80 196 102 42 82 128 192 70 174 128 52 142 191 182 175 189 187 166 8 102 102 140 55 98 1 157 69 122 28 29 26 122 193 83 71 181 66 135 183 1 81 200 131 46 144 104 158 34 172 184 23 21 107 14 74 156 47 105 25 140 18 73 57 137 48 60 8 112 109 80 51 161 126 111 114 55 10 59 83 6 49 105 133 181 143 148 160 52 84 44 180 70 4 153 85 194 122 137
10
2 9 8 8 7 2 4 9 3 7
320
220 162 232 58 179 265 268 217 52 53 81 283 30 88 19 101 310 260 65 149 50 144 121 193 185 65 106 53 36 138 11 150 123 251 152 243 319 78 36 9 162 169 316 61 100 183 280 110 296 271 180 272 67 259 301 140 212 170 207 128 216 95 112 97 320 279 307 209 143 279 200 97 252 315 299 261 172 281 58 45 96 47 15 279 10 236 70 292 68 63 135 102 115 63 168 199 262 64 32 309 77 214 75 188 230 164 283 227 161 318 274 24 294 196 220 260 3 137 233 145 142 128 318 270 83 240 273 80 216 20 122 56 290 274 264 34 31 73 138 62 258 78 174 86 128 126 52 95 244 144 6 294 187 27 175 103 164 289 66 101 104 43 63 286 114 304 61 116 282 308 266 195 23 49 48 88 251 317 159 261 12 56 7 139 46 89 109 234 173 240 71 117 288 259 33 146 14 4 180 213 59 248 89 128 95 14 191 228 91 177 127 108 42 27 37 285 163 126 81 25 124 117 14 257 232 211 5 118 276 57 81 132 90 105 82 222 4 190 14 69 6 153 167 134 281 255 154 165 319 21 248 102 164 3 85 243 93 13 189 133 16 206 198 303 297 250 1 20 251 119 284 21 275 287 210 79 31 66 242 312 9 319 212 41 314 246 15 55 308 99 69 6 279 36 200 211 186 105 306 131 263 286 98 223 269 152 258 221 201 235 256 156 267 235 22 259 207 208 300 267
10
6 5 10 5 2 4 5 10 6 2
3
3 1 1
1000
133 922 392 713 302 296 916 614 867 785 263 801 622 445 499 429 186 683 576 803 199 163 411 17 213 998 690 465 348 424 660 182 95 692 138 527 53 492 463 804 795 340 399 893 423 441 196 557 855 864 699 696 975 932 802 612 25 208 443 668 847 79 50 483 8 264 471 73 885 1000 720 290 734 718 9 653 298 402 190 884 413 281 786 334 338 183 288 319 566 700 205 536 2 289 753 695 620 154 500 477 229 291 385 280 283 325 955 702 812 337 211 773 624 961 65 714 316 840 512 232 917 468 461 359 530 798 758 878 941 663 505 929 549 588 938 272 200 178 956 286 967 244 533 276 309 313 927 965 466 140 96 219 151 664 284 430 265 10 977 464 772 924 826 490 274 834 248 805 410 310 158 377 77 285 882 161 730 120 545 934 30 842 355 467 372 528 485 33 827 394 778 631 393 398 426 57 94 3 507 551 537 848 404 764 522 743 143 245 960 35 419 253 176 707 936 389 342 231 511 241 93 217 82 646 54 22 336 723 400 857 954 952 361 940 197 901 32 347 5 913 256 301 736 473 603 152 731 329 909 747 997 525 367 502 130 656 890 601 780 861 819 295 146 134 110 365 67 970 595 558 779 267 951 649 722 964 797 887 406 531 74 277 508 650 777 223 599 407 739 114 187 815 717 875 657 680 28 643 89 388 712 216 737 830 863 452 715 845 982 602 308 136 605 458 859 268 480 516 13 610 776 169 752 908 673 15 97 478 48 233 304 442 543 343 224 23 192 565 103 214 481 350 225 139 45 428 703 86 180 165 930 90 123 230 306 988 923 387 279 287 757 509 270 846 76 648 879 919 915 294 44 349 275 957 222 598 891 580 191 354 345 597 946 644 854 201 596 809 432 677 769 811 824 532 708 351 627 823 435 920 654 75 330 105 396 472 652 113 332 193 121 623 38 898 364 728 892 686 27 949 634 600 962 529 617 832 323 577 829 170 149 235 132 409 495 247 897 771 843 124 115 218 784 460 561 168 662 969 900 122 408 886 503 451 806 431 255 831 417 821 888 710 740 71 807 6 333 727 550 142 493 996 629 14 639 755 179 157 63 675 346 665 579 621 390 724 876 148 902 422 688 119 870 950 567 628 608 188 56 992 1 249 744 858 637 976 958 541 155 694 386 906 540 521 912 312 127 456 414 741 189 539 554 817 198 415 62 98 746 315 796 440 141 993 593 560 40 391 850 173 991 479 510 58 83 581 642 318 672 7 209 813 68 150 754 877 160 59 768 862 242 352 250 851 88 370 37 506 297 775 11 489 475 980 117 444 12 135 990 519 251 239 147 335 19 474 872 985 215 751 825 497 496 271 379 331 269 412 911 732 905 685 947 931 91 790 562 791 321 174 568 591 462 324 589 366 799 254 371 273 327 344 760 46 968 616 935 973 383 669 630 260 818 55 177 476 756 128 524 262 564 983 320 303 981 307 682 116 816 559 750 64 416 925 34 716 212 874 774 794 943 162 575 678 421 328 504 655 66 866 698 701 667 455 195 454 515 237 838 937 109 959 418 311 450 171 839 636 535 299 615 42 726 635 357 78 60 175 547 434 382 989 548 880 47 108 729 691 457 733 403 448 828 792 51 788 20 29 544 49 374 438 948 572 994 849 574 145 31 972 871 552 836 611 907 853 767 240 425 100 266 587 292 563 894 236 939 626 571 868 781 808 705 368 101 999 835 166 918 24 420 742 586 317 4 341 43 928 748 974 84 436 257 194 674 36 721 380 899 904 446 453 869 369 376 978 87 761 69 666 789 787 202 439 427 81 80 759 738 102 41 181 228 782 841 719 207 679 144 526 206 619 556 632 766 671 363 896 204 494 238 259 942 592 933 131 856 381 763 594 895 706 469 618 538 534 697 210 486 633 860 85 833 670 658 553 159 293 837 914 800 770 711 661 645 873 814 583 523 542 21 944 995 356 570 484 609 220 203 395 520 651 963 647 92 903 762 156 378 221 459 921 326 584 185 300 447 865 227 704 844 640 118 585 590 822 449 129 883 810 820 498 687 889 681 555 573 487 111 125 305 569 384 689 979 765 693 513 793 322 638 684 226 709 641 953 107 546 362 243 360 401 749 433 945 482 501 234 61 246 470 258 252 167 18 582 282 491 984 966 578 987 99 26 488 314 676 852 172 735 606 52 358 104 70 625 164 659 514 926 373 353 971 437 278 517 339 16 39 405 112 153 375 910 604 106 725 137 184 397 126 613 783 745 518 607 986 261 72 881
100
84 22 37 71 62 67 78 70 19 45 56 83 65 84 90 2 3 68 9 39 28 1 87 74 40 45 73 84 47 90 42 65 44 9 46 100 44 50 20 45 80 94 66 74 77 2 29 50 62 90 6 32 81 90 15 36 71 91 24 39 5 63 5 62 52 30 51 18 7 69 64 37 87 59 95 10 98 70 58 41 42 65 12 22 33 83 27 98 10 38 100 23 56 81 9 61 47 45 6 58
100
38 66 78 67 73 37 24 25 62 89 22 94 33 32 99 8 69 81 49 58 33 4 35 97 15 70 55 92 6 43 39 88 21 3 48 30 31 72 11 86 61 76 90 91 41 96 64 85 71 13 82 100 23 28 59 16 83 17 87 84 19 77 47 98 68 74 7 93 36 27 80 2 9 65 14 54 50 51 40 10 26 52 44 42 5 18 53 20 1 12 46 29 60 63 75 34 56 57 95 79
20
7 13 13 13 4 19 12 15 14 3 14 9 18 12 14 12 7 8 14 10
50
30 8 43 41 16 29 49 19 17 26 47 1 22 49 23 43 32 7 44 21 26 24 24 46 13 30 7 15 23 15 38 10 1 32 32 41 25 43 45 50 35 45 41 17 41 25 16 33 11 31
10
6 6 9 6 9 7 1 9 6 6
1000
156 813 840 924 734 154 506 891 285 185 968 884 72 223 834 662 702 532 888 153 419 431 432 569 456 588 806 5 49 59 628 457 523 273 835 932 906 208 231 502 141 961 187 888 962 170 576 566 272 956 777 272 218 511 86 695 55 257 770 519 767 195 413 824 1 771 761 972 204 615 881 335 99 276 318 228 401 659 783 832 593 808 342 98 880 254 425 3 794 996 128 451 494 457 740 507 421 499 953 596 473 332 612 668 314 11 815 859 541 334 975 48 129 950 12 765 872 34 173 962 358 267 734 613 595 667 642 800 851 784 422 897 104 90 422 302 10 41 571 729 382 111 534 546 125 115 609 315 929 29 816 406 322 969 701 796 705 671 858 262 280 47 520 35 777 330 905 893 160 924 407 284 239 679 471 564 725 570 542 529 90 665 524 690 497 147 683 239 98 789 109 461 495 787 122 112 628 135 648 135 299 328 334 314 405 220 187 62 200 282 29 402 42 131 368 509 480 562 246 648 617 486 41 723 815 494 63 286 607 603 385 581 420 960 283 312 43 882 152 853 652 509 54 982 184 937 118 423 809 487 385 105 721 558 9 683 150 444 625 732 74 827 493 465 919 52 972 493 65 42 212 444 698 982 501 479 952 393 23 821 398 721 543 970 699 75 517 903 684 948 876 872 694 385 995 255 577 985 816 289 476 426 966 300 756 907 213 417 23 273 617 154 778 340 911 955 160 584 409 499 982 818 317 523 459 983 405 601 168 691 999 115 293 390 473 577 711 334 493 655 132 498 364 116 96 144 501 968 171 242 761 905 297 994 305 662 458 4 851 850 599 566 61 77 509 540 466 944 355 7 204 647 867 893 201 19 811 149 60 11 780 327 403 729 289 445 787 42 287 296 689 953 37 9 445 111 396 417 278 278 285 421 655 311 571 54 906 457 999 570 108 200 627 638 240 224 388 466 519 80 648 509 553 601 987 164 186 817 525 680 877 315 280 848 120 519 305 110 93 314 929 620 726 821 997 523 571 720 184 235 907 627 75 519 477 102 974 592 928 64 839 315 849 245 11 905 995 407 491 885 265 285 814 104 751 117 908 192 117 279 655 576 78 492 93 78 87 972 410 376 57 27 506 794 915 382 350 915 882 148 407 700 76 756 496 902 518 330 547 86 85 337 958 611 439 366 441 263 151 906 235 776 476 246 673 412 38 835 837 551 932 574 47 135 719 555 560 944 690 475 53 14 494 320 756 531 688 916 901 701 348 822 730 36 111 15 964 810 248 876 435 428 748 767 30 775 619 299 828 628 427 887 285 362 273 987 418 326 646 818 213 495 168 46 891 791 856 381 828 26 361 701 10 986 344 226 377 540 455 39 540 879 618 478 118 274 466 969 283 523 994 325 491 503 385 284 157 453 695 602 27 967 248 349 522 357 368 947 316 218 110 296 495 199 449 89 879 329 882 19 256 411 296 40 929 611 355 775 541 11 307 536 419 630 5 282 478 707 683 768 699 583 938 624 781 605 609 492 51 62 152 111 737 667 852 698 751 537 875 960 583 265 86 17 961 590 317 256 428 171 70 552 16 329 486 539 996 1000 379 315 199 47 637 339 507 110 820 20 721 151 142 769 764 663 87 67 759 35 490 15 910 627 856 16 820 156 371 816 455 435 914 706 873 986 378 651 656 976 700 176 126 43 115 293 266 908 649 704 686 735 697 943 665 66 267 55 170 454 691 671 18 73 839 105 525 218 915 946 85 187 206 480 976 844 337 955 533 509 75 840 338 87 644 675 530 220 259 386 876 219 472 518 7 422 84 174 934 595 952 268 673 569 931 494 400 21 458 751 988 25 913 953 575 493 782 485 607 94 808 164 742 231 800 601 118 181 540 678 240 638 221 311 625 154 952 24 482 928 592 946 888 180 201 363 1 556 364 632 558 282 230 506 36 36 239 248 509 317 234 723 975 633 838 459 580 463 779 398 614 300 228 346 995 556 993 135 249 694 589 375 287 637 588 505 97 995 2 559 621 90 649 771 876 80 151 113 503 729 186 614 591 594 757 999 229 87 501 474 979 512 966 360 545 714 130 913 189 828 871 315 654 214 875 40 623 793 622 190 128 156 583 857 202 322 176 513 616 201 927 590 694 534 567 620 824 100 321 888 202 750 854 900 529 300 754 162 916 194 282 752 691 900 439 163 56 894 496 689 641 393 345 355 902 818 505 852 115 747 32 408 586 512 706 85 30 742 634 985 977 350 108 485 891 954 857 903 896 305 716 901
53
51 18 30 3 13 44 27 31 19 9 5 21 52 23 18 48 4 15 35 14 40 10 37 41 20 43 45 23 39 25 49 47 53 15 2 16 38 14 42 26 29 7 1 17 52 34 13 32 36 46 28 11 50
10
4 9 8 6 4 10 3 10 2 3
100
87 10 89 93 29 76 63 88 96 44 71 78 11 54 55 37 27 75 97 42 20 82 33 32 13 5 83 67 39 80 59 73 99 58 8 17 85 25 41 16 35 18 12 79 48 21 81 94 31 92 23 91 9 6 14 65 61 45 62 72 2 15 64 52 98 30 68 84 90 51 28 77 1 86 36 38 69 57 26 19 46 4 7 3 60 47 66 34 40 50 22 53 43 70 56 74 49 100 95 24
200
99 28 10 196 61 130 164 111 49 134 131 31 63 197 33 10 185 38 12 147 98 93 132 108 66 165 153 47 62 24 37 167 32 20 15 39 166 126 97 29 71 39 94 69 57 79 71 32 24 25 130 53 25 105 58 155 185 147 181 184 100 145 123 193 181 134 110 147 15 20 46 120 58 170 47 73 183 62 10 153 111 76 116 142 124 122 58 31 42 180 122 39 96 15 139 73 41 74 39 188 52 192 110 116 18 56 95 29 111 35 96 184 185 103 123 64 70 129 5 50 101 86 32 171 129 18 192 143 136 167 74 139 9 122 79 63 83 137 110 91 69 158 195 85 94 145 73 137 198 118 93 21 176 38 192 150 66 123 144 67 66 77 192 187 199 119 197 89 96 194 199 43 75 11 17 121 132 35 23 143 4 37 157 87 195 91 174 54 38 106 76 190 43 59 93 179 200 157 112 83
969
578 26 814 133 596 717 305 316 161 744 815 425 917 829 21 117 809 209 685 385 114 269 457 11 226 343 222 296 238 112 701 41 139 577 654 27 446 419 782 251 320 933 756 223 101 948 846 324 511 726 483 864 788 169 670 329 873 869 454 906 347 770 786 516 149 46 499 127 603 844 602 403 781 762 276 586 822 768 795 303 291 757 246 505 753 219 789 123 350 904 663 144 205 752 202 721 912 411 614 171 241 365 547 432 612 556 332 738 828 187 53 595 187 390 617 767 314 380 131 217 928 867 565 593 492 179 644 718 124 184 678 532 57 345 393 842 673 887 450 308 375 92 637 152 451 287 8 621 199 181 234 71 36 328 300 310 722 374 220 396 866 729 545 25 843 401 461 538 600 620 88 369 560 550 572 290 282 910 630 288 665 507 901 362 847 951 781 651 868 256 769 853 33 741 903 159 831 385 295 611 475 274 166 262 336 573 213 378 73 944 618 108 420 445 339 854 146 793 865 309 712 164 261 194 143 861 949 448 263 778 58 313 802 627 351 48 136 86 283 519 874 198 518 20 894 50 128 606 410 37 471 818 277 109 288 467 18 704 464 900 476 14 414 964 740 755 255 470 438 98 339 363 256 196 430 103 566 708 372 530 440 405 336 899 709 879 195 409 880 370 214 522 639 911 564 224 66 70 252 954 599 447 524 638 713 591 598 525 691 503 34 205 106 700 482 65 210 201 695 623 969 395 348 498 937 381 935 570 592 860 534 17 891 281 52 427 549 624 142 360 732 934 155 497 771 191 486 392 698 212 177 751 230 584 302 936 207 355 909 555 897 661 379 707 724 421 247 881 940 643 920 406 193 62 590 243 376 444 84 836 642 605 676 832 414 631 469 494 254 789 674 327 921 102 105 950 148 521 239 452 925 398 583 340 890 830 790 658 694 91 183 400 544 557 481 321 824 469 381 333 61 294 157 952 811 259 575 285 932 737 7 428 647 87 211 439 835 895 841 134 848 702 12 907 693 924 267 259 225 467 808 610 185 424 120 417 467 742 839 419 364 302 819 841 474 204 255 725 509 82 478 496 957 662 729 773 711 775 942 539 719 387 162 554 687 311 346 628 244 206 322 14 231 280 297 208 79 664 653 671 229 373 629 547 9 273 110 436 387 850 266 175 959 382 680 118 31 49 338 227 702 898 337 429 349 613 376 750 475 325 51 908 13 495 115 463 656 387 807 597 75 806 99 145 551 174 730 456 739 889 55 528 359 173 330 915 929 141 138 271 623 257 493 657 479 558 816 264 170 783 72 262 443 805 390 870 542 90 485 579 561 189 488 331 298 60 552 716 817 203 504 163 535 800 121 151 357 389 666 22 431 140 30 772 148 710 423 102 342 150 188 640 876 774 731 272 878 966 19 923 416 45 823 81 113 377 837 820 660 39 946 459 477 153 796 506 391 352 728 125 705 683 743 688 646 353 777 80 94 568 116 449 683 870 437 616 536 553 232 29 484 699 851 527 56 941 791 683 622 317 720 571 677 2 358 242 489 435 893 422 40 642 561 619 918 746 100 856 733 902 965 126 319 591 44 659 458 129 546 132 275 460 601 122 920 433 72 914 76 197 107 930 926 237 724 156 182 587 559 526 323 626 807 350 137 801 64 69 667 67 16 384 862 250 849 863 916 858 840 635 371 764 235 877 468 779 905 221 967 961 248 158 857 763 955 68 111 15 165 808 531 569 216 42 104 571 833 594 827 760 415 122 645 361 95 377 24 408 304 810 54 215 962 945 289 301 799 291 715 249 749 650 386 265 871 472 3 154 515 697 513 404 442 413 279 186 439 227 455 466 574 913 255 537 47 588 714 412 958 176 286 585 464 589 23 798 341 10 734 512 649 754 397 765 690 766 78 270 812 703 394 293 74 834 473 855 788 669 759 761 172 409 514 501 245 192 804 302 278 776 236 318 896 93 6 607 180 727 268 648 826 142 529 886 696 892 510 130 453 200 784 344 780 397 883 178 845 326 97 582 85 875 368 641 567 615 745 679 260 517 35 686 885 119 167 530 407 366 821 672 654 747 311 43 576 562 63 367 52 635 792 486 4 633 240 838 689 383 548 441 634 939 922 28 233 706 580 502 523 609 927 882 547 884 692 785 694 787 655 5 160 956 543 388 797 563 520 794 533 547 625 906 218 491 872 632 83 15 299
100
81 12 14 62 87 69 26 77 18 8 22 99 10 29 3 32 61 19 74 86 95 20 82 52 80 98 25 94 64 33 41 100 75 72 56 23 4 90 63 21 30 93 65 43 53 13 28 17 55 47 64 5 50 57 48 97 15 68 44 40 27 91 71 51 36 58 76 88 92 31 37 35 6 39 11 79 85 38 59 42 70 78 84 51 2 34 1 46 96 54 60 24 67 83 89 16 66 45 7 49
20
17 19 1 12 4 12 20 18 19 18 1 20 16 7 1 13 16 12 8 9
996
520 145 319 668 884 14 401 368 88 656 833 528 223 529 966 794 168 940 48 320 139 183 923 632 678 317 878 599 851 353 969 417 282 671 794 937 141 188 482 737 302 540 400 150 964 292 690 856 489 118 895 383 946 112 427 925 49 443 181 717 505 589 378 374 136 475 98 398 108 502 165 901 214 485 508 328 353 21 812 985 770 202 208 919 354 969 105 755 824 331 247 849 531 837 396 84 164 355 447 239 658 235 753 487 945 181 90 471 274 103 768 829 695 568 285 538 987 744 383 647 175 374 976 26 579 675 635 381 67 980 700 147 159 691 688 637 548 329 609 611 584 340 434 680 660 465 612 192 303 638 625 287 786 553 348 314 320 7 394 384 169 527 761 648 577 978 17 636 773 618 975 85 367 261 305 874 867 40 911 726 928 339 525 39 27 570 334 335 709 781 918 480 490 733 442 211 45 161 814 972 109 629 144 791 268 524 470 488 762 986 580 375 851 674 177 886 625 9 283 439 788 603 839 682 720 928 692 74 807 844 10 769 711 300 495 252 18 917 624 928 469 260 721 452 46 782 24 324 646 252 4 230 523 530 129 892 186 729 559 201 174 26 814 756 872 746 686 869 264 77 99 259 70 399 267 823 448 535 239 162 667 345 238 78 124 248 501 185 360 216 877 587 752 404 904 440 387 115 545 901 187 962 959 167 996 803 136 814 456 251 213 885 549 956 183 626 724 1 155 693 251 41 297 841 569 484 896 798 831 551 54 140 944 91 507 50 235 392 22 994 738 654 656 107 566 84 921 929 292 859 897 598 211 575 143 616 206 532 190 631 727 802 865 336 483 450 158 428 959 794 935 369 322 416 782 885 904 572 606 226 85 122 748 221 488 530 706 134 271 714 735 954 483 840 95 149 860 219 197 53 310 586 60 664 837 725 414 945 853 863 135 330 858 961 640 151 71 696 634 893 18 930 230 980 131 982 277 82 314 795 816 981 929 792 626 25 6 877 358 923 678 5 546 504 284 967 861 246 313 516 180 714 245 767 337 989 492 288 625 908 415 403 722 838 470 615 451 809 198 562 42 786 461 460 294 769 517 120 265 309 743 332 419 186 166 254 560 687 816 642 833 80 810 346 148 466 873 797 698 940 932 443 699 154 203 312 392 301 256 531 899 824 80 524 458 304 457 994 772 352 95 917 788 514 28 478 933 407 857 265 457 263 588 423 847 211 843 364 409 15 363 38 409 56 614 909 226 170 610 55 215 2 918 814 143 439 590 702 493 653 128 931 801 715 343 142 980 737 156 759 913 420 323 716 459 992 281 495 795 855 582 916 246 379 659 724 521 360 673 98 782 242 794 233 614 682 292 745 28 254 707 444 837 170 820 363 51 123 240 649 995 261 228 545 173 370 545 13 894 121 87 946 338 721 151 125 137 425 753 272 79 917 110 941 81 989 509 846 644 385 736 891 813 603 39 491 519 206 295 607 758 561 786 695 684 854 101 526 898 339 669 89 379 599 47 312 273 571 633 641 694 266 436 873 298 946 680 25 442 144 63 685 502 426 361 308 805 514 933 567 768 813 61 463 113 774 69 258 413 539 594 66 660 503 915 279 947 563 373 272 678 871 693 983 293 949 411 849 768 787 922 437 731 269 325 32 971 825 319 852 862 984 808 965 291 990 568 291 905 296 657 790 20 255 123 218 178 389 209 224 450 133 103 347 889 236 202 176 382 131 286 127 318 610 280 852 875 408 952 630 313 486 342 464 198 171 584 826 772 963 926 375 641 834 960 113 454 446 416 645 960 92 571 992 290 568 242 332 325 395 564 910 639 812 152 968 403 896 393 750 576 227 473 308 566 10 335 566 558 880 73 445 163 220 472 346 560 447 449 270 410 227 117 619 247 467 237 474 977 116 65 99 267 138 876 574 104 425 836 309 174 372 677 106 147 210 52 347 371 222 734 311 249 345 114 84 244 374 301 46 706 499 747 435 34 376 291 595 203 811 906 760 193 766 707 742 573 188 741 910 398 350 212 466 672 62 141 344 366 113 731 815 525 359 388 758 722 785 150 776 648 141 620 306 914 518 238 275 701 594 953 890 179 600 189 887 334 181 544 751 905 228 527 943 146 966 581 243 646 418 881 878 967 432 585 977 661 515 276 655 515 33 412 617 817 973 440 494 303 650 765 468 703 763 503 877 43 820 8 825 797 183 225 26 950 784 946 126 790 588 550 665 564 23 391 63 705 484 456 937 650 689 628 518 749 406
502
334 66 444 5 221 376 260 204 477 41 494 335 395 384 464 182 142 374 53 50 228 160 9 167 259 465 378 291 25 323 232 55 214 442 461 206 23 34 105 495 51 176 347 279 361 300 101 186 369 360 301 54 30 253 241 357 130 500 293 410 129 375 422 80 445 306 456 76 237 103 84 36 468 268 367 89 73 490 12 238 370 11 336 428 290 195 244 433 303 313 263 179 403 262 161 489 434 185 277 353 222 28 211 475 13 2 113 46 398 226 485 499 245 32 19 156 154 377 460 67 152 431 399 162 421 472 22 123 491 107 386 501 405 52 173 8 132 159 91 296 320 147 153 337 417 344 429 338 140 254 346 261 439 90 463 473 100 175 35 138 364 452 486 190 330 210 111 217 97 42 471 255 305 88 220 3 70 396 224 223 380 474 332 287 96 430 270 440 373 45 312 311 459 69 307 274 60 71 451 249 163 231 59 363 150 58 116 285 356 416 166 104 141 108 462 292 63 443 134 371 216 496 350 365 497 447 455 170 47 355 99 24 44 310 196 407 328 193 57 94 93 316 359 266 6 189 184 412 470 21 387 236 83 354 484 406 314 120 15 286 110 276 326 128 75 122 450 229 192 251 169 267 423 180 273 40 415 340 218 299 488 151 325 200 383 56 77 145 493 62 219 345 82 271 252 31 33 492 402 39 126 348 85 321 438 20 390 79 137 246 318 362 102 294 483 288 187 250 165 368 382 74 436 248 109 317 1 239 65 197 18 401 408 404 351 481 341 272 172 68 227 446 476 397 242 7 143 278 115 17 119 61 209 183 64 230 349 400 448 482 315 339 144 127 487 275 308 435 342 379 117 280 366 29 208 168 411 324 27 449 469 358 284 37 302 225 194 155 136 158 437 394 269 135 427 329 413 327 385 322 258 458 257 203 289 392 453 48 298 78 388 149 424 16 409 125 247 426 233 49 112 309 38 148 389 480 43 72 191 264 114 14 213 282 198 418 95 171 81 106 372 331 454 265 256 124 333 26 240 414 391 235 215 297 281 146 432 212 139 177 10 283 478 393 502 205 87 498 92 201 304 467 319 419 133 22 181 157 199 98 295 420 86 381 164 131 207 466 178 441 118 352 202 188 479 174 425 234 121 4 243 457
10
10 1 10 3 8 9 9 1 1 2
10
6 1 10 7 3 3 8 3 2 8
10
8 10 10 8 3 5 4 10 4 7
10
10 6 7 1 1 4 8 4 6 2
53
40 17 51 34 27 49 11 13 15 30 51 45 31 37 19 43 33 23 21 28 26 6 35 2 8 3 1 20 42 9 47 25 40 50 22 44 39 14 28 2 24 7 5 48 20 12 52 46 41 16 42 29 38
100
72 61 21 17 34 50 52 69 66 67 13 38 51 98 68 20 3 45 85 11 96 12 64 94 43 82 46 57 1 81 28 7 27 22 56 44 84 87 75 49 33 41 23 59 37 4 63 9 32 31 58 91 29 6 89 53 65 95 14 80 54 2 39 90 78 62 36 79 30 26 86 99 18 15 48 8 88 16 97 93 10 55 70 100 60 73 42 71 40 74 47 24 35 19 92 77 5 83 25 76
873
24 744 482 647 417 668 354 579 447 596 124 524 185 783 554 532 575 526 622 333 570 841 660 336 750 538 818 109 396 790 164 426 678 772 536 528 688 127 544 397 735 457 407 213 135 761 776 496 10 310 330 224 129 11 489 101 686 247 743 216 546 454 867 15 215 542 842 33 861 607 565 505 369 555 166 765 387 280 703 437 827 371 237 716 631 836 217 547 286 706 738 287 51 52 591 70 549 156 705 561 372 63 279 461 165 533 50 438 391 225 551 318 374 455 627 612 411 120 18 429 662 681 635 595 220 342 364 31 779 645 243 383 702 810 775 392 753 151 610 852 801 587 68 143 760 414 76 363 588 714 767 451 355 785 63 480 467 252 393 584 514 732 747 802 763 268 262 324 723 632 823 586 198 375 718 108 26 721 730 708 755 423 531 604 749 478 34 189 820 111 868 96 296 752 680 337 1 826 303 71 95 359 201 530 400 288 236 137 552 92 321 684 208 580 594 167 43 713 82 602 671 483 581 794 804 77 814 155 873 719 605 106 666 40 402 621 525 731 138 732 582 539 256 773 420 569 356 140 422 571 518 838 409 154 734 377 378 815 323 835 687 415 358 722 128 452 218 25 844 370 123 182 304 271 3 521 178 665 462 562 86 840 585 17 384 646 778 401 255 756 253 803 463 250 522 589 272 232 543 246 498 813 679 656 97 132 497 725 65 210 297 7 223 529 162 742 577 312 652 205 311 332 21 856 774 116 281 226 148 701 170 402 799 782 99 171 606 726 309 20 425 558 245 139 664 833 257 424 748 28 692 351 202 284 869 240 91 696 653 440 870 613 183 74 659 142 471 822 694 655 184 308 831 695 306 152 434 650 720 864 465 381 641 511 315 234 394 614 130 186 249 49 114 158 317 313 802 289 260 572 233 161 277 61 475 9 174 860 751 685 846 340 432 634 341 147 102 214 219 777 173 428 55 117 449 79 373 853 395 329 290 270 770 187 495 295 161 619 563 441 322 42 360 80 192 66 254 334 640 499 298 598 669 862 654 825 504 352 566 190 489 6 41 61 487 94 376 636 519 673 574 73 712 494 517 795 242 366 707 568 222 349 331 521 69 844 194 367 90 19 320 431 786 416 609 843 488 273 847 458 118 623 843 345 88 160 195 651 115 157 461 291 274 717 294 509 141 693 832 453 263 98 136 350 145 339 113 600 199 647 439 35 828 611 32 788 227 269 485 821 469 48 292 812 302 405 628 484 648 228 37 508 593 412 507 477 54 496 758 649 211 163 464 741 560 282 448 545 811 16 724 817 103 806 110 699 204 557 625 492 620 486 805 235 781 191 479 85 768 601 809 502 616 301 264 365 466 326 379 162 335 792 711 473 53 83 398 444 343 121 548 592 675 131 278 644 727 5 380 314 259 851 490 872 125 556 238 39 285 850 854 672 283 629 698 541 797 603 251 728 456 46 690 267 470 446 209 188 481 530 863 626 670 325 23 679 207 759 2 146 60 4 754 513 834 362 789 386 468 450 276 618 769 229 830 855 328 29 574 512 196 149 122 583 418 771 476 608 793 410 501 615 819 13 203 93 12 221 368 348 305 715 784 347 472 638 181 231 633 564 597 265 133 316 578 762 689 796 241 527 624 676 67 112 419 643 729 385 30 537 104 559 230 599 248 443 357 460 38 197 573 736 500 344 677 445 319 858 534 510 567 276 169 353 58 159 576 244 845 406 459 59 766 275 89 430 155 764 550 746 266 745 72 739 307 682 126 700 404 293 757 630 177 100 259 390 435 62 617 859 413 239 193 791 800 374 176 657 658 327 47 164 212 333 180 709 710 300 553 829 206 839 798 150 704 807 382 78 8 491 857 144 506 697 848 403 36 546 835 865 388 799 442 871 455 516 64 269 661 520 637 258 808 674 57 785 172 175 421 134 837 45 691 105 113 119 667 740 14 737 389 361 824 733 787 436 27 399 474 107 503 81 427
1000
633 694 55 217 97 621 471 484 147 67 98 532 237 23 131 623 315 564 774 882 11 884 539 10 1 450 76 478 870 225 607 83 266 665 129 682 968 776 329 702 722 239 878 321 379 956 522 228 899 75 376 128 572 104 431 51 709 9 720 126 930 200 714 259 992 443 540 404 174 408 686 43 571 970 432 336 905 563 840 363 932 196 854 132 154 890 263 117 280 369 53 562 771 637 355 640 435 907 873 770 177 991 693 204 745 829 641 822 169 122 139 743 821 611 718 63 197 193 664 222 277 648 438 764 17 361 68 597 114 869 13 885 296 954 845 529 579 353 157 843 368 917 449 33 897 140 661 886 820 810 358 658 502 704 15 581 375 550 407 707 371 302 87 267 235 600 826 402 816 927 135 180 742 199 561 786 31 880 687 872 585 513 784 90 708 485 933 701 683 459 812 447 367 242 503 378 861 856 923 516 380 323 21 785 808 800 712 227 390 969 487 101 584 167 102 779 425 729 590 465 47 918 507 537 936 534 898 410 37 754 609 427 736 319 230 548 789 30 388 750 455 957 612 624 234 305 603 773 748 312 479 186 155 874 327 462 127 883 54 220 756 346 520 226 570 61 859 758 433 620 304 523 508 510 71 324 912 577 989 257 803 411 240 586 838 453 978 946 151 695 221 659 674 160 136 850 663 904 847 464 860 768 602 553 440 6 58 299 286 94 41 364 445 115 74 737 772 656 888 753 811 801 919 2 998 430 915 699 660 260 208 669 866 303 867 757 732 224 858 279 477 676 492 762 815 343 92 713 417 990 245 57 830 746 680 615 877 499 48 276 365 551 332 559 938 416 839 644 66 555 490 175 795 988 356 509 116 765 876 209 842 835 170 272 916 568 292 868 619 689 463 398 588 202 813 780 556 739 935 921 809 700 716 544 382 895 678 922 575 862 734 70 80 448 959 901 458 926 950 814 565 84 639 717 635 396 606 406 73 206 210 62 93 316 728 344 837 857 616 273 486 675 413 685 903 965 394 300 291 796 232 900 725 501 439 216 691 231 149 366 628 320 252 679 599 875 374 863 740 191 761 645 924 395 961 515 347 414 690 359 171 285 527 596 45 223 451 250 334 314 500 519 405 400 943 107 790 962 558 511 185 846 836 958 747 997 554 982 724 72 14 672 610 25 566 52 614 38 337 468 264 797 29 608 146 78 574 214 301 995 598 282 889 59 331 482 182 629 124 604 352 605 119 238 473 710 82 569 307 805 287 399 111 723 983 583 254 207 542 493 49 865 706 133 483 787 941 578 964 827 549 506 653 190 172 668 980 626 16 966 896 281 834 348 188 526 306 498 893 393 807 662 354 255 778 426 36 69 397 442 763 777 955 681 909 947 362 203 654 229 145 289 741 313 118 497 275 165 213 290 383 727 488 851 211 967 311 150 952 156 293 403 677 703 525 441 141 580 437 144 249 535 951 456 902 457 168 692 891 246 373 429 178 372 993 201 142 887 536 751 971 631 159 385 428 125 749 632 88 528 247 152 99 85 963 546 268 974 634 233 5 630 310 81 715 650 8 454 298 288 925 18 262 106 236 40 733 913 879 419 295 137 976 908 351 730 335 294 424 481 979 248 755 752 96 143 46 86 726 994 649 775 688 593 95 278 283 696 560 341 670 192 864 942 326 914 587 120 421 972 163 105 719 60 804 109 521 377 460 474 308 531 985 173 65 721 987 841 945 573 184 24 112 342 666 642 911 370 4 434 766 657 894 409 476 996 567 910 164 340 357 514 27 28 655 792 121 673 545 940 309 89 39 194 825 960 179 317 345 251 613 530 533 939 769 636 3 495 999 973 269 338 470 576 181 643 504 782 381 284 258 538 176 418 328 134 617 422 505 977 705 64 818 744 806 892 161 781 44 466 19 948 667 622 153 735 475 420 794 975 243 56 123 241 244 318 215 270 35 415 981 77 848 849 79 855 187 34 91 944 494 853 423 330 759 401 594 595 412 738 22 100 543 32 949 467 253 625 832 158 219 798 817 552 20 601 711 931 325 844 524 651 189 496 349 791 589 360 469 339 592 387 627 937 472 618 166 517 541 802 512 986 518 697 322 828 767 461 138 162 113 480 110 788 906 274 638 103 819 256 929 265 871 436 391 934 444 647 108 452 198 130 823 698 783 261 833 731 547 646 333 7 350 928 1000 652 212 218 386 392 384 671 591 852 446 42 831 148 297 881 760 26 389 271 582 799 12 984 920 489 491 684 793 953 824 195 50 557 205 183
200
183 50 27 184 68 74 164 17 158 92 78 15 155 65 14 123 93 63 190 73 110 6 73 80 168 139 67 96 34 185 34 101 132 50 146 109 112 123 63 89 123 152 62 165 181 40 153 121 67 110 130 121 49 26 167 183 92 1 75 8 151 81 182 113 14 148 30 142 41 187 132 107 77 162 42 71 66 117 177 108 94 197 159 29 107 37 116 57 170 121 181 68 86 55 64 134 116 165 172 36 38 70 17 140 53 199 92 40 136 21 9 102 41 97 145 118 11 132 54 149 69 93 147 52 99 140 82 143 112 103 134 45 28 7 96 178 193 195 42 199 34 68 157 146 188 154 14 173 122 29 95 100 17 9 173 167 127 160 167 159 128 167 17 150 14 4 13 179 118 52 192 102 155 168 159 163 175 65 134 100 142 157 43 84 71 104 21 13 194 75 155 72 57 186 170 58 192 135 77 116
20
6 20 8 12 2 17 8 18 16 15 2 20 18 4 2 13 16 15 4 12
160
125 7 31 16 61 92 39 64 40 33 53 42 145 114 100 36 21 98 79 133 80 127 141 87 34 82 75 114 84 118 140 9 19 108 24 5 96 126 44 85 113 46 23 117 160 150 138 79 146 51 20 134 15 1 155 69 88 90 4 107 30 135 124 157 27 158 143 77 148 17 38 41 54 151 72 103 56 104 109 18 70 147 123 89 55 81 142 137 94 3 62 99 132 8 144 101 43 12 106 22 63 83 66 25 95 112 91 76 74 154 57 145 11 111 32 118 102 68 32 73 73 152 35 130 2 59 129 58 60 153 29 45 97 122 86 120 115 105 159 14 6 37 120 52 10 67 93 29 127 65 47 50 110 49 139 80 26 128 78 71
546
180 420 13 139 48 38 50 170 252 403 538 112 481 263 232 513 353 473 279 488 479 127 2 201 156 529 317 49 302 118 373 92 501 545 173 198 171 174 165 54 300 514 440 166 211 537 179 154 97 367 451 544 216 250 204 25 462 61 88 45 362 207 146 541 132 432 36 206 530 437 137 193 528 251 257 419 346 458 319 425 185 197 261 401 417 103 344 508 391 500 111 196 248 128 21 416 428 256 12 150 491 178 328 533 312 84 243 307 421 363 469 15 6 354 331 283 464 77 153 80 242 295 368 87 522 79 370 244 493 455 410 227 384 117 495 162 40 144 4 230 525 543 147 55 22 107 75 102 355 402 376 187 499 5 415 190 536 429 44 246 480 445 358 349 381 441 53 406 122 18 393 313 209 125 194 29 90 364 407 324 314 366 498 161 60 121 41 143 159 56 16 430 542 395 444 223 372 342 291 329 239 471 449 138 510 446 8 62 148 274 260 35 109 308 334 83 468 526 272 249 459 438 32 271 357 265 490 123 231 105 516 119 494 347 409 286 397 408 259 241 275 214 189 422 318 264 176 282 398 71 91 58 519 217 26 273 486 14 433 3 333 521 219 527 129 299 255 311 304 89 258 387 512 218 68 74 343 506 412 172 339 442 9 361 200 236 336 30 297 523 163 224 93 134 289 375 130 532 266 76 315 33 540 191 276 360 186 108 484 337 136 202 448 57 301 1 476 394 335 195 233 59 168 535 67 181 253 86 120 507 496 434 85 298 126 472 73 399 306 160 142 115 277 497 225 400 371 96 11 145 309 208 284 167 427 341 345 104 377 414 98 116 69 212 456 457 359 228 114 524 281 505 388 392 296 424 322 502 10 293 492 447 183 175 325 72 292 356 475 460 78 485 310 503 229 226 237 466 316 288 182 100 378 27 141 157 380 238 332 149 192 222 411 234 270 24 369 474 482 365 140 94 520 463 43 504 511 245 435 413 489 254 418 470 158 81 439 240 290 220 63 531 133 431 268 19 267 280 65 452 221 450 327 135 215 23 518 155 340 95 42 326 483 294 389 517 515 66 305 235 213 52 352 34 465 101 534 20 177 184 436 152 151 351 383 188 31 478 546 453 396 39 330 269 454 287 247 374 99 390 124 379 262 110 46 278 404 7 131 47 509 17 405 461 467 443 285 164 203 423 28 113 70 350 321 210 51 37 382 426 205 169 199 320 338 323 82 539 106 487 64 386 303 385 348 477
400
333 372 88 278 7 354 166 205 229 360 242 343 81 174 263 211 241 197 145 72 304 310 378 340 204 11 265 207 114 54 213 176 139 300 56 319 248 381 8 388 282 148 391 141 219 356 22 352 23 293 84 249 47 286 116 173 13 166 397 190 15 334 377 341 348 179 339 225 129 85 385 380 399 279 108 392 326 381 205 137 399 112 142 192 19 126 396 61 200 365 100 27 198 222 140 290 162 45 158 66 12 48 312 20 257 370 183 134 156 390 183 364 387 70 97 398 341 294 195 110 101 188 191 247 129 159 148 350 119 283 264 349 2 180 144 30 311 303 32 261 286 289 108 109 280 76 287 138 301 206 76 213 57 231 31 147 133 41 5 44 259 331 135 90 323 253 92 2 227 294 301 240 11 24 34 6 124 323 121 82 375 74 327 2 313 52 3 163 322 120 368 232 309 52 315 385 254 131 35 258 315 123 212 267 318 53 97 104 161 272 32 150 320 155 10 313 64 29 306 103 298 332 359 175 233 336 50 400 141 362 244 302 143 97 328 375 295 217 344 132 294 297 225 230 330 256 149 40 369 227 333 298 251 87 246 174 80 277 184 400 393 4 94 245 142 325 291 386 285 79 67 244 86 270 274 4 329 202 91 99 322 39 209 272 82 316 391 91 186 81 397 382 276 153 203 250 237 238 3 178 130 164 187 231 366 252 196 395 63 28 386 307 255 37 389 167 224 319 77 208 123 363 309 378 201 273 62 356 106 236 95 210 382 314 67 25 223 270 18 199 151 292 373 46 299 172 335 51 214 42 152 124 128 296 385 218 221 7 274 89 126 182 366 353 60 38 260 98 103 49 243 317 215 102 65 375 322 344 250 367 243 105 297 380 119 16 396 308 111 185 336 122 346 206 55 160 198 170 102 271
59
28 54 36 11 43 35 40 51 56 21 48 13 53 13 41 30 37 2 42 29 15 34 2 39 10 6 22 10 17 38 32 19 57 42 7 16 4 31 45 27 47 8 50 53 59 20 18 37 26 4 34 21 23 28 5 46 9 53 55
320
220 59 29 291 249 157 202 151 101 156 72 268 58 99 173 222 57 86 130 17 138 60 78 42 136 244 299 7 216 203 69 145 283 175 313 188 89 254 84 211 236 44 306 297 133 223 94 122 93 162 5 97 101 13 43 78 19 92 209 305 84 145 225 118 143 315 29 276 4 73 86 133 250 289 97 319 258 62 130 166 212 260 231 286 15 123 148 50 296 64 61 179 261 163 274 116 267 318 35 138 174 121 308 205 277 191 191 6 157 318 220 252 280 176 217 152 235 251 155 34 228 183 269 234 271 184 260 32 132 311 296 257 285 114 177 196 8 54 44 174 135 240 112 25 290 275 9 288 42 312 319 71 20 251 214 211 98 246 137 58 220 273 230 8 153 61 200 65 72 147 27 293 129 31 55 287 120 74 124 149 303 200 85 94 168 171 295 198 123 33 49 241 163 316 104 155 258 232 151 111 126 102 265 261 206 158 159 163 83 279 14 200 155 113 51 295 88 33 77 80 292 218 153 74 142 124 138 243 270 26 237 59 98 236 123 82 108 3 34 242 16 320 29 170 242 223 120 40 272 271 134 95 176 103 277 272 63 177 65 241 97 100 211 164 22 202 169 36 10 66 250 115 144 210 81 307 85 57 77 215 144 217 288 177 23 172 89 262 201 270 74 122 180 57 64 28 146 39 268 120 80 171 122 259 183 304 2 317 69 233 207 123 38 254 106 291 96 302 104 30
873
753 492 542 812 619 359 397 815 172 326 704 198 428 673 49 333 129 763 591 358 242 10 527 48 647 107 291 712 431 363 499 315 781 115 75 418 660 43 720 409 509 39 344 229 725 187 180 391 860 772 123 239 584 538 515 845 722 169 519 855 450 78 243 754 143 20 718 117 851 263 539 852 153 405 728 793 189 101 212 16 82 796 62 825 93 23 516 254 285 486 385 257 309 831 128 832 488 461 762 550 126 793 183 356 479 476 328 4 863 323 161 637 519 766 626 554 109 324 699 675 321 29 204 708 271 160 560 761 507 827 2 468 503 836 85 573 480 252 740 714 89 568 170 240 52 42 784 231 69 731 317 205 433 228 194 364 177 768 111 669 166 22 651 682 131 541 246 347 511 415 181 821 578 590 589 262 794 580 755 360 735 613 314 523 260 125 648 609 604 494 241 657 509 366 139 487 6 66 437 373 382 524 142 433 667 820 371 308 730 17 463 436 286 737 293 838 392 416 94 188 386 592 765 798 154 553 813 234 779 425 854 36 191 842 361 306 40 530 399 594 457 26 14 370 384 830 80 814 510 525 151 355 450 329 721 636 445 535 102 456 156 641 6 47 84 632 723 663 441 529 676 283 404 791 289 748 92 100 469 288 585 19 182 607 165 336 113 193 103 801 686 186 215 148 230 380 690 546 497 642 615 717 206 337 484 603 861 629 759 701 199 76 464 702 383 848 144 376 222 780 267 173 526 710 27 649 688 401 226 65 691 800 558 639 756 543 233 611 270 393 147 586 787 764 272 638 459 400 150 520 152 256 783 429 547 225 444 11 367 105 687 561 635 227 67 340 504 622 834 620 312 77 856 88 674 396 430 435 695 556 593 514 536 692 90 424 652 581 280 167 31 850 502 656 645 534 792 209 211 824 738 220 449 746 809 789 840 237 434 440 379 862 73 724 598 417 572 395 602 354 531 857 532 655 398 59 268 274 9 426 411 407 404 671 60 250 498 743 269 628 803 588 621 575 327 741 193 253 760 3 662 802 235 114 790 202 777 642 8 423 567 185 566 579 165 303 640 744 318 481 571 473 474 70 176 522 190 261 26 184 818 155 136 679 833 438 287 91 332 777 483 758 587 548 390 159 467 500 108 300 795 200 3 54 294 335 141 304 849 135 540 313 829 778 576 427 596 121 852 694 325 301 668 822 276 443 617 96 599 53 528 742 83 50 719 24 678 847 841 618 421 1 828 650 163 389 5 74 307 266 293 157 13 55 448 338 350 68 35 665 175 46 118 133 696 61 7 788 664 25 633 122 168 87 219 38 460 583 517 485 112 680 331 644 134 513 606 208 853 298 343 867 339 805 455 661 292 643 736 465 806 322 446 245 127 29 681 859 33 685 422 627 447 707 352 414 265 342 67 334 817 745 215 365 381 771 870 569 677 138 374 195 570 574 192 387 816 810 214 394 64 645 549 835 79 249 51 533 259 757 634 197 72 521 739 612 873 346 751 552 773 454 716 462 284 406 506 545 577 807 718 311 285 348 130 475 496 823 709 305 316 277 858 490 565 470 420 158 242 631 95 726 734 616 419 97 403 749 37 368 171 706 353 518 412 624 149 544 493 197 213 254 104 508 776 741 30 562 12 782 275 683 273 264 769 302 244 564 71 786 451 341 413 174 659 466 608 357 297 56 24 369 124 826 799 869 255 837 600 58 119 122 310 495 218 471 452 703 666 477 505 178 712 595 216 623 750 99 349 362 797 489 439 410 378 57 757 21 557 811 843 196 658 372 408 693 221 330 432 551 597 478 635 145 319 116 733 402 711 201 653 238 232 28 140 808 388 770 32 247 491 501 290 63 377 872 614 864 747 698 146 555 819 654 453 775 207 689 472 804 223 458 684 630 164 120 442 700 282 871 868 844 295 559 106 345 278 785 224 236 866 86 162 179 672 248 582 217 729 670 18 45 210 41 697 563 715 752 646 846 34 281 15
144
77 93 100 19 52 120 49 137 108 119 25 61 31 117 128 53 16 133 21 95 19 2 81 84 26 125 34 108 135 32 35 71 22 30 1 111 51 54 103 122 62 38 113 33 75 80 49 103 7 122 50 115 108 14 123 142 139 85 124 137 136 41 18 67 38 97 143 114 90 93 92 126 39 105 46 15 140 138 112 41 55 83 45 63 98 3 100 44 117 138 130 37 2 88 101 143 63 104 119 15 12 94 17 64 13 7 27 28 141 17 42 134 43 59 126 118 28 96 138 121 144 40 135 82 26 90 97 106 8 21 7 18 93 91 29 23 8 90 116 11 17 56 67 4
20
7 18 10 17 10 10 18 15 12 7 17 9 15 6 9 14 7 10 6 15
997
696 867 857 152 964 411 253 689 530 212 966 899 746 843 759 885 415 337 981 829 614 792 598 492 564 364 285 696 777 248 897 978 621 636 550 566 52 379 939 62 136 338 37 513 63 262 965 269 234 257 803 736 889 190 759 669 818 772 783 968 668 23 442 17 552 337 949 471 674 386 963 544 129 307 654 784 285 790 561 626 834 531 434 493 387 75 490 961 336 341 775 159 339 539 89 122 396 880 771 208 409 332 922 824 461 691 542 667 194 282 175 424 331 762 187 347 233 732 569 365 291 224 625 658 320 955 594 236 304 104 743 872 700 58 298 975 770 283 688 97 681 904 660 7 346 375 437 697 198 994 673 81 364 374 472 333 633 429 171 852 977 115 613 714 91 891 72 206 376 685 969 658 203 92 275 24 138 961 332 289 504 316 325 893 897 238 183 948 646 69 778 528 203 67 622 526 489 19 742 223 268 815 173 84 359 632 444 611 165 196 489 805 35 248 142 543 144 739 492 517 725 898 937 90 773 505 991 546 740 176 246 66 863 259 125 801 821 562 591 706 744 185 301 215 424 61 351 406 334 164 918 672 139 814 101 704 671 98 307 286 658 441 557 458 493 318 641 842 327 433 197 780 322 448 716 149 930 317 59 583 644 840 82 180 905 510 921 935 343 723 217 596 78 117 590 350 665 749 227 200 469 948 940 930 594 79 207 541 462 365 944 676 439 799 730 917 703 13 356 308 846 637 450 750 388 556 559 804 705 106 109 122 654 6 211 812 464 884 548 600 870 946 174 896 500 266 480 607 146 367 619 583 338 780 810 582 12 488 779 649 377 647 868 892 990 488 523 439 887 87 724 235 992 854 713 697 738 344 749 494 475 623 878 735 745 172 315 962 427 379 451 994 252 102 535 768 796 86 504 384 64 722 123 844 590 296 273 845 397 698 827 254 216 181 606 292 557 290 170 168 712 223 49 410 763 297 272 341 134 534 473 864 664 278 448 491 173 789 809 137 648 141 136 684 865 86 282 274 324 83 866 862 965 121 266 115 42 192 242 510 972 501 549 936 321 683 430 119 956 810 71 420 431 426 326 367 94 136 584 401 578 66 339 88 220 38 94 312 417 908 237 169 556 656 548 529 14 814 449 247 587 573 721 828 782 886 576 54 832 816 346 529 649 947 938 750 135 599 286 267 859 634 741 105 666 883 152 927 330 988 408 894 404 426 753 158 678 182 103 869 274 608 766 133 568 748 157 196 161 820 517 154 279 793 829 493 693 672 942 143 958 114 149 638 18 245 603 762 900 77 693 369 451 727 894 618 572 279 702 769 383 709 280 479 163 835 403 405 943 400 883 598 211 939 953 951 193 186 525 793 959 915 457 747 883 309 68 822 921 863 167 922 44 414 758 510 952 659 509 564 230 728 500 140 648 5 532 150 602 735 496 860 649 904 79 222 808 11 198 298 945 923 875 16 572 80 848 987 513 615 412 853 497 75 270 268 883 124 303 726 554 941 533 970 719 31 352 189 764 299 416 722 740 786 766 275 311 710 314 361 993 795 890 466 250 708 851 432 556 484 119 29 597 65 467 1 855 586 757 811 311 997 578 9 231 995 132 678 104 609 823 204 160 784 771 440 895 45 121 969 765 518 117 113 841 243 589 540 757 687 73 202 93 150 920 255 731 682 622 235 431 161 363 532 627 515 755 655 298 324 342 652 838 131 891 356 752 718 157 736 737 568 145 56 209 543 379 276 658 650 162 26 879 920 919 408 12 661 348 421 48 938 695 853 209 413 274 447 452 893 270 132 366 378 694 692 898 498 262 663 677 842 657 567 678 754 302 555 602 470 155 221 568 729 797 15 439 446 60 485 906 873 80 1 800 397 85 438 435 720 840 516 506 177 581 706 336 839 574 568 751 521 585 10 25 229 408 244 644 53 912 160 784 218 917 453 8 847 240 933 694 380 579 560 376 288 959 36 804 612 672 191 907 51 746 123 440 624 280 368 251 395 526 249 473 170 93 224 50 27 680 418 487 28 463 57 185 806 850 352 497 996 265 881 100 226 99 146 50 163 852 536 947 375 227 129 855 675 856 654 48 103 590 560 702 642 310 634 267 911 253 78 347 732 126 882 349 515 385 837 226 258 819 110 323 825 538 913 507 452 118 437 503 393 124 724 537 982 443 151 32 22 459 423 614 231 5 953 107 644 202 874 988 776 499 213 38 952 821 293 902 857 318 331 667 284 604 225 302 580 986 319 4 520 734 232 43
320
136 308 114 125 103 120 112 297 16 170 219 281 210 300 215 268 49 3 153 208 280 132 282 87 252 212 99 15 21 207 291 212 213 14 49 289 131 87 228 179 11 251 59 231 304 271 286 284 105 266 72 265 81 121 224 100 223 70 241 80 317 65 42 300 317 168 15 37 168 160 83 310 304 101 83 90 22 70 118 228 48 89 98 245 269 48 108 70 305 145 241 94 176 144 256 241 152 140 130 144 51 29 61 20 10 306 65 136 313 175 121 239 20 81 58 103 65 140 4 68 2 267 37 164 270 249 112 106 294 275 12 92 220 141 313 145 281 290 107 102 1 231 293 9 26 177 32 234 136 209 217 169 244 167 126 8 33 48 137 43 277 89 146 87 282 109 103 113 318 99 296 15 2 266 303 25 242 14 19 19 314 206 7 51 259 212 273 90 101 195 312 35 277 73 236 107 207 141 102 297 175 103 132 190 133 147 131 295 217 85 169 232 33 283 218 177 207 123 84 264 125 92 169 279 258 98 184 216 288 247 152 262 60 91 4 180 279 260 220 202 143 253 83 300 235 154 215 214 226 196 124 70 211 81 140 23 136 288 138 120 39 164 70 287 299 71 275 270 2 203 268 300 34 313 113 190 305 85 55 126 230 162 96 95 7 125 265 233 36 236 80 120 115 254 10 239 89 105 173 185 223 9 250 110 48 273 167 133 201 75 52 99 105 160 137 300 309 80 23 13
101
28 22 56 42 88 95 97 75 73 72 65 78 69 48 6 15 62 61 101 5 87 60 68 26 2 12 81 25 85 50 41 33 79 36 3 37 61 29 14 100 19 8 99 27 57 51 53 91 35 31 96 94 49 47 93 32 46 76 90 34 18 45 13 24 86 1 90 93 52 17 10 59 30 61 39 82 9 38 4 40 71 15 51 70 21 77 98 23 66 5 11 44 80 26 43 58 63 27 89 84 7
59
51 52 29 59 13 1 55 55 5 27 37 39 26 30 48 32 47 28 54 21 9 25 45 46 15 8 40 3 11 40 56 57 17 22 51 49 7 19 50 23 36 33 20 25 12 53 35 34 42 46 17 7 30 6 2 18 38 41 58
320
99 291 309 313 203 14 286 190 98 115 116 238 304 293 178 295 187 264 270 50 316 240 54 151 101 269 304 311 315 206 94 316 12 154 292 231 257 31 123 182 188 46 297 135 91 66 175 205 15 163 117 55 8 263 300 97 241 301 158 24 59 111 139 220 129 60 103 301 169 145 280 56 6 201 155 101 259 119 7 12 125 1 25 90 288 175 309 289 62 97 150 192 33 87 40 318 308 9 131 15 134 158 68 202 83 17 116 313 303 178 242 147 299 113 206 300 141 137 115 184 63 27 8 108 184 9 39 99 313 144 195 42 110 162 136 199 227 265 274 220 190 160 100 149 117 64 234 215 74 252 117 181 9 119 206 280 5 152 195 148 104 87 135 137 246 192 312 130 104 159 145 243 60 107 22 167 48 109 249 291 184 236 34 285 120 103 132 115 314 42 254 193 43 237 315 149 291 145 11 224 281 2 113 247 318 96 61 193 13 142 118 312 210 93 148 165 109 18 10 146 146 157 198 110 290 61 137 292 222 117 201 69 72 79 67 254 186 285 95 267 191 89 189 131 4 216 308 113 113 73 297 108 142 169 50 253 249 257 207 235 178 258 45 52 113 253 235 183 29 185 319 252 119 10 196 310 234 2 101 183 170 25 237 228 276 11 133 11 288 312 95 271 299 222 105 282 47 173 225 255 175 139 306 45 171 84 191 15 295 61 247 250 23 193 196 207 187 268 279 271
980
706 11 715 811 68 973 627 617 670 858 936 28 24 687 607 877 13 157 411 494 707 399 124 109 752 401 558 934 557 916 93 609 556 737 448 742 365 10 903 387 240 7 265 538 464 724 657 632 196 266 526 18 779 962 601 272 531 219 79 922 86 969 217 622 428 360 327 535 683 657 442 600 836 834 466 176 890 717 608 130 121 264 518 350 808 148 363 634 86 575 234 191 326 940 311 127 667 53 856 762 764 279 805 839 123 925 108 810 55 83 865 330 606 168 714 230 447 396 90 252 257 258 661 51 245 712 303 205 46 307 578 458 814 423 581 976 533 242 226 64 626 523 452 91 938 870 965 563 612 438 827 540 669 658 789 94 743 100 676 232 838 618 47 819 941 787 668 72 750 667 701 889 346 767 705 38 204 750 17 123 812 906 522 177 814 493 743 316 593 600 193 171 254 698 155 859 771 218 369 98 635 169 368 108 75 425 299 941 897 317 249 314 378 718 497 224 625 286 382 909 647 708 459 695 836 444 775 857 655 697 938 809 635 707 462 78 487 523 437 159 800 30 421 219 105 281 914 696 228 844 275 862 733 581 636 928 132 872 276 971 417 354 663 947 817 406 794 709 600 824 59 682 892 895 1 763 899 640 577 60 979 561 801 143 101 358 361 461 539 913 189 200 40 460 372 609 803 239 972 128 893 746 879 528 280 759 720 481 163 730 710 716 738 490 280 43 864 481 114 482 566 511 927 246 339 388 348 524 977 923 945 302 884 843 242 543 887 545 974 584 613 785 756 952 247 502 161 355 568 405 145 157 829 96 442 725 957 806 777 878 551 732 111 801 958 44 954 93 604 689 660 443 185 220 597 656 124 243 702 567 440 823 858 516 530 541 119 852 784 940 973 140 15 489 433 867 227 449 769 793 188 248 918 681 409 92 605 400 80 630 553 499 64 458 410 897 832 561 937 963 166 487 748 510 527 725 680 241 801 67 391 83 49 647 149 713 691 253 291 786 72 179 687 146 113 382 570 137 948 134 871 828 861 320 89 850 715 85 264 261 391 469 136 345 908 182 790 367 63 208 837 47 673 189 872 917 124 694 920 555 270 271 908 931 547 846 498 956 944 329 389 11 744 732 229 905 77 969 392 577 505 576 274 33 619 890 133 259 608 359 564 324 285 882 680 638 229 749 965 733 65 342 434 42 705 363 54 48 598 760 433 663 883 412 19 463 580 181 131 427 297 116 548 494 897 949 347 866 848 186 110 873 376 384 752 4 473 210 828 646 542 688 251 289 964 211 888 639 665 244 549 722 155 338 393 747 829 296 307 9 2 528 129 84 385 275 436 727 12 357 826 961 726 291 787 642 685 496 915 704 908 752 37 907 754 796 112 894 938 867 844 203 160 624 120 99 739 854 78 818 319 589 671 322 860 425 937 679 587 481 540 654 849 933 453 939 348 381 118 386 602 826 273 650 364 122 847 525 248 333 839 357 572 366 185 462 877 121 303 164 599 229 422 103 644 951 255 875 863 197 751 552 35 477 226 102 30 125 768 822 415 438 651 544 765 302 761 653 456 614 960 36 250 695 709 141 167 756 503 841 284 174 737 233 457 56 525 445 29 149 759 454 194 803 791 729 584 337 899 543 562 480 404 558 346 813 633 799 294 869 227 571 18 182 755 968 613 620 335 762 492 385 945 719 779 521 731 631 574 821 57 880 672 950 100 910 555 672 512 664 911 76 925 874 288 485 583 753 773 550 403 155 467 851 603 160 412 843 716 980 367 831 964 486 924 147 304 247 562 429 797 290 774 164 316 173 8 871 306 949 929 361 50 110 503 229 149 278 692 971 532 501 628 616 461 70 689 853 374 544 156 728 611 344 968 178 489 597 22 73 587 827 295 238 115 97 885 770 424 384 885 780 727 513 766 675 33 384 5 881 162 876 439 794 300 590 620 666 901 298 468 195 408 41 735 292 536 714 864 177 126 451 896 245 252 842 212 74 476 323 282 332 623 891 477 26 398 690 450 708 192 287 569 514 420 34 830 601 369 748 886 218 355 905 153 172 117 95 321 565 643 354 975 293 325 629 45 88 180 942 330 301 309 89 198 616 596 508 537 200 420 82 922 479 805 912 702 407 845 478 684 144 260 700 560 776 792 529 592 402 213 256 556 825 263 766 223 66 183 621 491 215 337 207 69 560 358 430 380 269 959 470 328 833 855 154 568 92 723 334
100
60 75 14 66 57 47 49 87 6 67 3 81 11 3 8 94 42 31 91 65 94 79 94 97 85 41 7 61 31 29 94 73 43 43 71 64 39 7 36 76 36 9 65 99 57 75 42 76 7 97 5 86 82 14 67 83 5 94 87 80 15 10 81 36 33 85 55 74 57 87 45 49 85 8 2 32 12 91 22 71 12 90 7 7 66 64 59 16 97 55 82 93 54 16 89 59 89 76 86 12
10
7 8 2 3 6 4 8 7 10 9
10
3 10 6 9 10 4 10 6 2 7
1000
336 220 52 268 288 11 676 187 13 899 961 453 345 999 61 904 758 15 378 876 333 619 60 554 130 679 39 295 283 846 401 234 9 823 447 770 608 832 652 132 752 321 946 853 507 462 715 219 536 472 83 886 350 240 172 769 976 8 800 739 522 709 705 767 2 949 161 427 855 523 19 117 611 293 311 408 184 167 212 529 902 795 751 730 815 481 463 920 314 21 735 506 53 368 691 396 397 398 286 578 649 905 206 287 17 64 247 110 890 352 307 348 965 858 543 458 833 794 86 653 597 689 944 786 6 370 486 805 419 837 620 142 26 657 194 81 670 425 182 607 938 143 338 485 491 720 936 190 93 341 654 708 406 302 158 621 941 602 294 298 782 878 502 646 672 120 759 982 917 703 473 948 542 271 33 479 152 171 377 582 349 204 606 316 499 280 441 595 781 911 361 960 756 351 947 637 723 590 512 403 627 74 415 10 410 986 364 898 308 801 122 600 802 180 852 445 584 216 404 475 844 868 538 915 340 103 563 40 787 160 581 56 375 541 494 170 325 236 343 300 863 953 622 113 267 484 242 303 531 233 353 933 44 748 133 12 609 155 900 168 525 264 34 634 200 181 641 255 89 400 28 469 165 942 616 393 924 477 335 989 265 559 718 297 612 696 638 791 437 650 109 862 262 358 433 315 547 658 237 707 384 747 149 518 734 322 177 68 257 934 87 176 987 785 421 253 270 527 392 455 414 557 526 224 3 389 939 632 379 893 699 822 313 505 434 845 121 58 630 686 395 388 688 482 57 511 901 498 777 856 701 958 642 847 230 568 213 908 459 797 84 841 932 724 138 763 711 490 714 692 956 442 927 140 173 489 740 866 573 197 256 1 476 851 519 148 222 178 991 249 693 164 508 675 861 617 139 274 457 969 492 210 259 50 102 85 891 883 399 610 88 223 513 394 277 252 488 135 318 661 239 405 35 574 659 963 667 107 736 923 613 623 647 205 975 913 857 579 984 412 995 45 285 334 806 196 374 865 662 560 357 834 880 521 202 930 355 912 75 771 454 195 179 501 383 96 112 656 282 146 978 992 451 104 717 722 859 105 838 655 599 235 467 680 67 631 79 601 598 994 510 156 804 821 831 896 972 514 783 875 776 793 359 114 347 848 645 633 762 926 603 997 729 860 743 231 331 227 115 553 704 386 682 937 974 339 144 746 279 840 470 154 409 365 207 778 988 320 273 387 78 660 438 70 211 694 775 894 72 260 755 192 416 575 885 101 330 436 749 552 544 381 910 628 166 798 326 226 424 839 244 323 209 372 690 24 214 713 354 829 716 435 809 779 993 411 174 94 928 136 125 461 27 721 32 69 967 309 232 269 712 428 812 950 550 420 979 850 291 439 466 281 20 43 640 725 530 371 643 546 443 687 605 827 151 664 698 561 292 324 668 629 95 539 504 278 65 765 818 123 998 835 54 199 757 5 970 558 869 493 877 188 55 665 59 772 836 732 569 147 826 25 532 537 966 266 796 296 446 962 456 198 921 849 580 145 666 697 229 816 671 272 71 952 169 887 753 780 872 241 422 556 528 673 591 382 639 218 217 128 882 576 100 596 480 985 465 134 250 945 423 626 141 873 328 31 153 551 520 299 906 183 366 215 907 548 106 363 4 562 516 764 648 807 150 916 663 726 854 97 625 157 799 47 980 909 750 228 744 327 727 571 238 73 284 589 918 332 496 535 49 452 684 669 968 731 402 566 813 615 700 843 888 540 116 977 784 254 624 7 317 871 41 588 129 572 111 127 594 471 474 243 996 80 312 766 892 344 131 126 503 478 417 842 695 319 289 760 808 636 964 201 261 737 448 810 931 77 342 515 46 29 301 460 99 555 82 768 635 685 817 431 790 290 922 903 549 754 337 545 413 940 346 524 955 819 38 305 990 879 825 310 788 373 971 570 811 18 681 710 583 360 943 604 418 91 98 567 683 203 983 276 175 593 246 738 517 592 449 497 426 644 614 565 468 407 118 464 90 929 935 221 719 678 36 774 186 306 189 367 828 304 773 728 432 208 22 37 14 430 495 792 487 48 742 577 824 263 159 951 564 63 959 450 248 925 618 444 587 741 745 874 973 864 385 830 391 62 380 191 362 185 897 162 651 163 981 706 356 483 124 820 814 1000 30 76 677 137 23 954 534 193 585 369 329 533 66 789 376 884 867 16 245 225 919 914 440 803 119 957 258 251 870 674 429 761 586 51 509 895 733 275 500 881 390 889 42 92 108 702
1000
140 415 389 529 568 537 301 168 947 516 547 204 480 277 198 347 764 270 53 919 466 239 805 48 165 938 803 260 461 987 950 718 555 550 732 121 923 672 965 258 338 584 575 73 761 97 895 285 360 483 456 377 153 651 332 299 457 70 644 580 233 229 920 400 4 874 177 608 713 822 433 444 880 585 434 154 782 535 418 621 95 106 596 669 856 316 994 67 257 909 741 287 65 184 504 451 996 520 423 130 675 593 767 507 370 120 821 440 221 467 949 306 936 82 969 435 494 964 361 754 498 188 698 311 402 590 24 430 925 100 885 147 179 212 46 486 36 680 739 1 911 202 223 207 833 365 551 859 813 283 871 726 421 33 475 404 743 578 526 463 816 914 696 411 784 167 783 681 997 894 420 618 579 601 653 771 689 676 133 281 132 848 662 94 341 26 559 879 205 476 873 474 217 637 343 664 447 15 136 922 286 142 830 197 189 362 315 280 373 323 687 134 916 514 968 160 193 231 948 318 929 841 416 81 733 744 983 376 62 780 218 42 902 603 960 631 746 702 22 295 952 275 598 807 278 336 791 481 795 522 201 458 438 787 884 61 89 40 490 28 806 711 563 317 655 352 694 958 935 18 294 300 832 557 242 527 14 354 77 208 857 770 150 445 829 186 92 450 74 465 796 248 506 6 240 633 487 648 56 272 7 768 921 971 959 112 570 472 961 515 124 865 984 823 459 86 32 521 23 868 628 492 210 955 346 839 620 759 728 703 715 235 798 838 530 246 345 616 524 709 185 819 195 30 289 226 296 594 417 627 146 854 881 119 910 999 863 985 117 49 817 206 908 706 656 785 811 577 473 105 788 610 845 772 640 228 708 763 756 889 946 828 995 548 766 143 684 932 3 641 448 844 129 419 471 319 398 397 913 64 413 917 890 156 589 528 37 818 414 907 164 870 401 180 52 663 349 79 394 171 288 972 99 957 827 912 699 974 654 403 809 705 71 883 760 789 864 253 636 108 410 665 714 84 284 836 176 391 731 674 96 695 924 613 41 51 57 331 279 128 322 534 898 499 290 102 110 650 488 632 395 308 127 543 59 190 485 658 724 707 351 745 539 645 639 781 297 469 933 737 115 138 810 774 125 505 560 368 464 573 562 607 779 951 412 293 192 149 122 869 734 652 897 214 626 646 953 826 872 477 540 250 738 87 661 159 752 406 375 335 162 582 727 462 78 602 93 945 166 638 561 605 256 13 799 29 11 408 729 34 8 571 261 717 427 666 630 930 187 497 660 943 263 906 215 882 657 158 75 307 934 619 500 597 43 292 595 721 173 60 614 532 508 967 271 855 825 797 405 808 857 852 344 348 742 83 574 484 678 786 174 536 998 988 542 16 358 611 511 700 72 853 454 581 903 751 814 172 834 327 80 982 900 792 282 276 350 321 693 1000 236 470 251 723 842 55 194 753 600 334 390 976 941 905 748 565 800 298 790 468 54 512 337 429 265 773 567 478 793 324 107 183 88 196 442 556 776 942 339 962 926 38 690 931 101 178 10 599 692 19 252 835 264 387 552 496 211 328 396 673 225 975 629 267 50 163 846 123 566 12 21 238 181 47 701 364 502 954 340 58 262 749 245 381 860 804 554 255 274 144 569 831 634 479 866 956 533 329 549 886 449 683 302 531 991 892 452 523 544 750 91 592 157 820 878 237 981 847 712 482 366 85 740 837 888 757 686 858 234 31 45 824 378 17 928 385 103 891 393 677 495 374 747 310 849 710 704 44 503 355 312 583 209 439 875 5 254 371 436 513 591 624 659 939 249 291 588 333 545 647 963 876 27 716 887 642 244 145 431 493 367 980 609 617 944 161 111 152 342 915 114 901 314 407 587 518 425 382 126 491 441 273 203 553 691 446 777 622 326 762 222 635 927 392 765 697 443 182 775 649 720 25 612 372 268 259 591 758 148 455 977 989 357 501 606 725 104 320 510 668 151 519 191 66 379 802 992 76 98 359 353 893 384 369 131 730 899 755 380 851 409 736 216 170 586 243 990 986 325 623 437 68 615 722 625 564 682 363 90 266 141 426 399 778 541 213 247 979 20 63 303 200 769 453 39 671 843 135 220 558 840 388 489 688 269 113 966 137 794 973 643 572 679 815 304 2 9 219 175 386 460 241 517 155 667 230 424 896 305 719 309 670 801 118 685 937 576 538 993 978 139 422 940 428 232 199 861 970 918 812 330 35 227 313 546 432 904 604 862 224 735 877 116 525 383 867 169 109 356 509
50
22 34 6 24 37 49 11 33 26 25 10 21 6 4 36 8 40 48 1 22 50 15 19 12 47 44 14 17 38 42 3 9 28 23 16 2 16 29 27 5 47 18 13 11 35 36 32 31 30 39
200
137 133 23 180 73 75 100 186 109 32 104 79 80 120 153 110 20 66 136 141 113 97 75 179 178 110 121 91 59 170 145 124 54 166 110 142 67 29 142 138 125 154 141 195 60 153 194 135 13 40 60 21 77 111 98 42 160 53 5 144 193 178 86 139 78 139 128 80 44 177 189 91 159 48 28 166 105 127 74 107 17 13 38 15 115 150 14 81 22 61 37 172 170 6 57 29 156 168 56 163 172 167 43 60 148 119 116 77 129 90 174 162 26 102 50 92 85 188 170 165 17 55 62 132 130 113 200 58 39 187 22 93 95 194 143 31 156 172 83 11 155 41 65 184 147 84 7 190 35 183 106 99 181 49 33 138 140 24 171 146 34 166 4 192 114 191 98 1 192 152 24 118 184 47 10 18 117 103 162 52 87 174 9 70 19 163 12 185 198 140 62 63 94 71 164 153 183 10 176 2
10
9 10 10 6 9 9 3 3 3 2
20
9 20 11 2 12 9 10 20 11 13 17 10 7 7 11 9 19 2 1 7
572
204 455 567 209 311 248 246 202 10 291 491 566 365 356 147 159 43 411 512 223 393 407 303 416 429 97 191 232 560 20 458 451 376 535 103 146 62 490 124 6 89 272 422 525 161 41 106 428 33 75 465 542 469 301 444 63 59 392 565 220 66 194 335 546 90 310 42 394 563 269 319 149 239 57 50 555 415 235 253 329 431 261 115 536 537 334 273 374 242 184 320 383 8 85 312 212 25 39 21 297 116 343 257 100 281 243 481 510 359 526 436 51 454 224 304 101 464 387 26 318 56 2 150 96 442 570 295 151 40 200 395 74 363 46 133 528 81 339 434 226 178 4 268 497 188 332 79 153 250 522 385 449 501 484 201 65 1 520 496 367 346 88 284 93 443 380 24 7 136 529 558 271 399 540 142 509 326 564 262 506 545 478 187 95 357 313 351 198 569 23 397 413 479 173 420 498 360 105 557 377 388 164 556 518 305 283 568 353 279 156 492 425 406 165 176 437 12 488 54 412 475 349 324 345 58 485 131 370 554 331 199 13 219 16 384 44 53 189 48 539 398 122 391 247 368 350 299 419 186 77 170 427 64 140 401 206 266 532 548 533 378 553 494 352 513 35 172 445 476 68 18 424 120 314 433 190 278 426 175 410 230 109 439 285 182 34 3 84 213 92 9 316 421 78 456 373 167 441 118 73 233 87 207 294 523 277 309 259 137 61 218 210 288 231 168 154 276 302 386 245 503 215 183 333 255 457 417 240 260 482 145 152 234 435 296 179 244 274 447 493 372 340 171 502 486 185 355 55 157 505 323 264 544 336 327 382 45 208 562 111 86 530 361 238 453 511 160 143 371 125 550 265 130 459 110 409 67 337 471 166 538 275 107 19 69 70 499 83 298 521 462 205 321 358 389 258 108 317 236 300 31 114 344 112 308 180 229 547 49 559 543 139 460 30 487 104 446 217 466 91 293 17 113 121 228 404 15 254 119 489 29 144 177 192 500 127 325 37 472 222 227 32 214 348 366 174 270 341 467 138 98 379 287 129 282 141 14 508 162 196 468 474 169 117 306 423 461 158 221 132 473 256 477 263 307 292 452 11 330 414 549 381 390 28 400 123 551 507 211 38 163 430 418 47 135 480 516 60 82 495 148 448 22 572 315 71 241 216 519 27 195 155 403 524 193 432 534 440 322 36 483 402 375 514 438 225 552 504 251 362 527 128 80 405 286 561 94 181 328 347 203 369 267 450 515 541 408 517 290 52 72 289 354 99 76 252 338 102 280 237 249 571 396 197 470 342 531 5 364 126 134 463
871
285 468 655 790 699 33 450 322 437 250 405 114 157 672 583 165 267 83 566 584 296 277 109 830 154 416 704 187 608 153 396 469 471 713 48 495 273 643 705 179 376 569 37 716 228 666 210 593 768 27 303 438 295 536 223 170 458 42 358 626 538 298 188 134 529 320 199 158 103 671 44 233 612 406 341 403 294 534 487 290 424 237 759 514 171 394 848 13 160 826 104 829 602 729 443 19 261 398 463 136 574 354 606 46 783 95 241 150 323 167 432 807 229 682 862 496 622 463 573 674 726 636 334 575 113 159 627 402 310 174 169 839 8 510 620 731 520 331 630 411 794 752 628 611 203 524 94 428 392 156 460 125 455 472 57 72 266 240 552 92 755 660 812 302 846 289 845 625 362 313 703 800 205 447 324 563 537 664 232 397 613 691 456 581 365 488 462 859 140 192 605 10 176 451 139 806 589 651 286 532 609 258 254 29 385 846 668 253 102 477 676 658 330 124 541 305 336 484 649 680 785 591 478 207 147 163 315 137 69 476 732 841 850 246 326 346 110 481 172 596 717 743 659 364 777 530 71 792 395 274 803 834 837 264 331 693 747 475 442 120 866 100 501 415 717 369 106 842 502 21 688 753 132 852 347 504 11 869 499 76 814 851 489 452 47 269 702 618 101 765 387 687 590 218 352 197 89 299 272 75 27 500 863 647 718 539 770 585 245 767 16 757 307 270 454 119 552 601 515 43 68 708 370 684 571 546 371 186 740 213 490 238 652 239 507 758 357 62 367 413 193 801 148 25 78 833 248 656 213 177 475 715 491 219 733 797 751 519 473 200 130 178 596 637 407 440 427 485 265 648 461 544 642 710 159 343 775 724 421 182 368 586 511 426 677 802 639 335 646 389 695 580 474 543 330 635 809 20 151 675 737 623 527 497 570 798 401 166 464 220 99 509 513 832 640 526 739 224 448 342 554 686 425 633 766 379 212 831 595 678 603 492 645 1 749 791 93 404 344 204 490 785 624 629 690 112 383 131 506 61 144 615 144 505 867 393 756 420 865 312 503 486 256 215 317 284 689 805 728 152 762 550 679 525 341 714 300 196 39 764 163 662 59 386 388 209 399 685 774 22 781 263 711 382 843 813 318 815 242 304 562 741 191 255 35 727 817 467 225 644 533 226 422 414 377 683 700 184 145 698 778 409 86 673 617 548 105 446 391 598 133 821 80 63 621 135 234 816 760 429 521 812 291 380 400 15 18 257 784 360 804 632 168 868 787 40 278 449 6 761 825 470 523 854 681 381 236 301 480 494 127 314 292 418 838 332 359 202 844 782 712 129 808 614 654 84 483 430 864 146 734 372 183 161 697 566 325 553 861 531 185 793 549 818 2 516 780 12 619 353 180 493 567 607 730 198 742 457 103 517 4 788 28 5 87 840 709 616 98 282 619 222 181 117 260 340 79 77 419 308 126 189 262 63 441 327 795 293 143 735 206 750 107 754 50 827 597 736 301 374 433 201 23 351 824 81 823 195 45 51 211 435 799 97 149 820 275 858 855 252 561 142 31 221 55 165 592 54 568 118 465 288 309 417 745 564 230 706 121 453 445 52 349 779 653 384 528 701 7 853 319 582 3 508 155 721 214 579 748 64 375 34 115 451 431 350 321 243 423 638 190 522 259 410 594 436 482 247 822 9 871 719 665 345 746 138 217 378 361 667 194 828 578 188 769 111 720 849 67 82 723 208 88 36 333 90 123 175 558 588 283 857 65 128 60 744 600 776 847 91 587 819 498 122 856 30 722 577 231 661 669 14 657 557 221 707 547 116 870 216 466 355 56 610 434 811 789 280 235 338 810 512 38 311 337 108 363 565 696 860 316 297 542 835 535 631 41 555 32 329 271 70 576 836 725 641 373 763 164 556 634 604 279 306 162 281 670 256 214 249 26 479 518 650 85 49 540 786 244 773 339 694 772 559 444 412 738 96 771 66 276
20
14 1 5 19 6 7 16 2 20 2 14 7 10 10 1 2 8 3 14 14
3
2 3 1
571
461 479 451 272 192 41 90 332 3 2 127 368 500 428 22 89 217 482 420 48 188 492 362 91 480 299 401 213 329 331 64 18 203 375 517 416 327 136 69 130 432 527 523 462 279 208 156 343 310 99 383 542 39 497 499 66 506 30 98 410 373 246 285 82 521 52 78 476 61 525 444 273 113 346 481 165 526 234 498 266 232 301 400 54 100 554 516 570 85 431 59 268 211 464 42 72 440 24 303 419 283 70 355 372 418 200 50 5 530 6 220 357 216 468 153 278 44 81 398 243 453 250 274 294 349 539 104 204 202 558 263 313 411 164 43 184 129 143 369 454 102 176 57 426 159 503 137 519 118 344 95 348 131 565 206 25 354 446 442 27 396 1 135 147 288 20 287 108 245 36 281 116 65 212 158 109 249 325 330 237 407 219 394 415 382 317 384 115 92 430 311 470 537 45 469 87 123 568 414 106 474 404 251 128 393 460 485 534 397 337 389 256 126 318 326 7 155 12 511 238 352 277 483 119 435 138 103 15 174 275 114 149 239 366 295 315 541 83 363 269 255 134 282 124 324 385 403 423 33 412 240 168 210 551 93 169 443 293 478 309 532 193 524 67 495 291 308 553 566 244 161 408 97 173 230 101 413 233 179 46 171 257 26 399 35 253 548 425 436 49 80 445 358 536 302 121 535 227 182 496 31 284 84 472 68 194 335 183 260 290 392 264 145 55 405 467 34 449 378 550 545 146 205 296 170 141 350 345 10 112 457 201 514 533 564 199 437 563 265 465 450 316 185 150 166 154 377 547 353 191 328 528 53 341 222 494 424 561 88 486 356 336 190 466 228 569 304 388 421 74 433 520 487 4 186 540 267 438 365 538 8 180 338 477 422 63 546 198 342 270 111 434 439 297 144 235 195 491 271 391 374 47 247 543 379 38 236 160 448 322 455 395 224 261 314 19 456 209 178 16 552 62 515 306 94 559 254 475 142 172 73 340 40 380 226 13 276 387 207 96 333 452 163 9 292 175 139 177 214 37 71 132 510 484 133 122 58 300 117 17 197 319 488 258 110 14 157 231 490 223 555 376 305 505 447 473 187 259 549 402 386 242 252 562 323 360 125 167 320 105 298 181 359 361 289 339 107 79 196 458 29 151 60 351 381 225 512 489 504 229 286 77 502 76 544 406 262 280 148 11 162 241 120 518 215 507 571 221 312 429 189 23 560 21 347 390 75 152 463 367 509 334 32 248 321 459 522 557 501 508 427 364 86 531 556 471 28 371 417 56 441 493 51 307 370 409 513 218 529 140 567
1000
120 89 841 290 210 584 260 267 403 532 311 417 666 354 217 383 715 762 806 970 885 589 794 532 732 286 453 942 820 755 585 419 591 748 682 897 195 860 229 170 140 376 464 287 102 4 199 690 438 810 511 908 765 31 709 546 890 60 204 680 977 776 14 140 501 705 538 215 411 23 464 532 494 183 718 85 812 215 661 849 582 245 743 395 615 345 73 468 610 116 961 889 361 575 575 152 653 866 560 343 301 166 657 546 197 139 651 689 293 319 982 730 410 772 673 8 252 970 33 947 127 409 911 945 845 666 474 342 421 174 436 447 558 303 625 636 604 837 221 675 782 23 291 731 6 757 413 785 308 766 622 279 903 269 925 702 355 550 1000 393 495 273 696 746 819 70 581 207 502 958 969 383 179 864 70 525 918 99 399 528 286 981 253 514 258 946 880 914 400 606 153 194 87 933 668 297 989 686 493 766 261 162 520 330 670 388 347 727 768 182 85 333 799 51 334 866 18 49 640 393 816 130 835 728 885 856 646 278 304 742 634 655 535 559 756 732 624 568 45 891 233 715 201 658 459 161 273 614 352 815 305 683 674 775 12 184 101 255 811 32 637 35 752 824 39 264 294 964 551 144 748 214 401 263 66 924 265 651 846 966 719 62 802 634 587 939 833 120 336 331 737 576 185 209 86 254 928 996 298 734 708 703 844 20 160 375 191 741 188 692 3 391 792 157 392 124 529 862 349 913 421 167 34 792 507 255 552 339 793 404 408 554 241 77 817 900 143 68 377 171 874 896 490 814 5 648 781 13 147 752 248 534 977 439 378 965 641 281 497 665 923 72 488 246 972 799 467 861 25 17 318 780 293 382 769 655 764 955 156 821 796 930 616 355 51 22 429 397 160 572 470 818 783 505 992 965 407 179 66 827 148 483 857 574 822 224 519 801 243 222 486 847 671 314 30 454 979 867 372 604 973 323 324 919 681 706 554 586 938 244 53 836 596 694 48 926 582 240 869 211 381 112 143 340 546 523 531 791 204 985 292 272 325 423 300 842 111 567 55 491 316 692 879 414 369 747 442 557 619 688 165 587 171 920 79 6 555 348 27 426 362 949 633 868 198 595 309 163 952 760 132 638 545 999 306 203 714 515 272 677 135 453 612 846 510 556 19 55 151 986 500 960 250 4 628 522 105 735 892 492 787 463 649 842 16 617 151 280 967 812 217 877 678 562 1 814 416 116 58 601 718 287 407 608 366 457 402 702 269 602 609 544 815 934 917 691 82 636 469 406 656 418 941 436 192 65 855 872 612 103 851 595 895 971 839 484 496 231 710 988 542 693 753 83 234 380 761 894 606 631 682 470 921 997 149 922 700 167 458 871 342 925 97 758 736 307 379 831 270 158 63 38 895 428 980 458 344 750 219 341 108 742 304 368 274 173 186 321 805 935 568 436 259 21 665 405 621 242 556 31 564 648 237 886 3 323 307 100 96 471 424 754 352 776 7 565 312 744 526 943 247 757 1000 427 843 968 882 227 694 697 594 598 115 627 963 908 773 114 450 931 296 517 721 803 233 580 330 832 409 445 563 430 196 770 873 187 614 446 680 357 283 724 437 122 50 983 790 168 88 363 556 239 681 133 577 345 597 644 851 654 28 762 620 371 327 865 663 29 834 181 978 237 226 630 59 777 57 692 907 797 786 289 669 600 996 47 749 37 676 540 933 566 431 936 282 338 664 266 364 226 956 460 485 984 701 337 440 67 759 145 845 909 499 897 360 365 639 746 707 232 257 319 189 198 475 69 898 277 387 402 878 667 117 712 813 87 952 570 164 228 256 583 850 967 883 887 295 114 509 626 779 235 618 471 466 480 830 481 659 178 205 359 416 456 593 523 251 829 725 656 828 570 840 848 299 723 578 374 539 672 292 137 713 448 223 698 347 884 718 512 596 439 136 583 176 642 834 811 898 444 465 607 116 804 620 320 603 11 170 693 462 838 84 92 767 138 315 276 873 579 276 537 951 268 876 477 479 914 432 200 990 356 364 89 800 795 387 93 763 809 467 619 386 880 771 607 763 513 528 375 793 510 208 328 927 960 80 608 573 472 684 915 652 134 588 717 358 302 566 590 95 593 335 953 505 859 46 482 901 276 605 329 441 163 348 450 212 701 976 875 957 49 962 345 43 121 140 611 590 825 406 146 629 9 206 533 113 461 569 788 518 415 353 767 848 774 498 549 109 950 807 435 106 309 183 455 609 739 119 740 127 516 516 750 557 905 782 603 660 98
1000
298 309 637 688 424 843 116 222 23 264 557 470 346 788 967 400 798 634 172 821 460 924 9 292 616 289 677 785 317 326 816 42 487 765 950 73 848 430 220 111 267 720 550 225 553 229 592 758 704 428 917 384 128 543 530 54 849 53 675 549 183 322 877 952 602 558 950 257 732 956 443 290 36 200 242 522 875 762 98 1000 409 574 604 43 504 896 523 169 438 940 236 196 282 494 820 260 934 79 321 313 417 864 540 894 380 78 781 42 643 656 925 59 709 254 282 588 508 30 550 786 256 293 968 631 537 834 180 808 930 545 710 238 695 685 140 931 743 957 420 1000 350 185 442 585 723 395 667 801 495 761 447 282 873 54 796 320 572 913 338 766 474 498 797 689 579 297 861 405 88 666 418 19 977 608 157 116 716 26 510 127 760 826 505 717 338 302 872 581 852 295 471 929 170 846 361 92 447 115 614 265 664 887 380 835 611 591 490 923 680 942 7 652 617 573 865 414 240 193 132 39 10 8 276 326 44 799 496 898 46 739 21 31 261 926 719 91 374 806 285 153 264 75 64 599 534 794 572 509 724 151 32 121 228 114 286 659 68 365 802 265 613 819 755 719 925 837 649 720 981 57 995 390 607 7 662 223 974 307 361 458 844 544 521 731 239 255 790 655 327 72 434 24 658 567 170 706 166 1 439 898 243 129 959 660 924 425 278 358 2 444 597 936 100 351 513 711 29 564 991 156 99 295 756 456 362 926 190 605 500 763 314 570 486 385 436 489 962 393 61 128 198 946 691 203 365 719 435 648 958 817 314 142 978 697 389 876 740 308 97 753 448 325 532 476 680 713 910 526 780 728 632 147 702 237 555 31 580 141 860 812 654 698 396 52 334 721 562 825 355 272 881 946 306 915 146 383 533 542 730 16 449 182 891 955 168 950 976 554 941 129 152 372 751 216 960 784 101 171 744 139 772 270 741 5 240 20 183 694 306 38 619 10 81 291 842 335 983 89 299 527 53 143 193 310 629 847 158 907 260 817 393 989 718 657 869 324 628 280 856 238 776 883 840 468 603 165 887 464 832 509 191 911 350 976 815 246 945 338 579 727 105 10 933 853 892 333 33 886 336 207 495 247 611 94 962 974 890 70 303 924 128 449 838 85 668 66 440 117 470 179 734 552 315 992 579 232 31 640 705 584 283 76 87 866 380 368 491 700 115 668 850 363 231 245 937 804 125 653 889 103 623 141 710 636 130 610 277 716 60 77 777 512 206 401 667 247 11 347 40 891 874 754 908 84 916 200 294 622 729 332 980 55 214 82 975 61 593 795 759 377 671 618 81 520 144 971 621 142 710 935 279 339 342 596 274 786 311 31 823 241 983 217 465 83 328 905 273 174 672 546 32 386 364 199 814 25 213 851 806 301 587 568 541 982 994 141 961 457 925 800 124 371 175 387 789 500 675 882 645 518 826 77 109 367 639 289 197 348 754 871 375 821 50 381 318 110 454 857 710 241 845 275 560 201 764 782 779 338 878 970 338 609 867 999 868 84 27 870 750 598 686 752 722 762 134 750 749 4 164 918 343 804 884 822 133 809 354 382 829 528 839 909 944 49 519 296 240 611 113 875 316 813 366 953 428 314 184 182 530 770 772 926 145 249 21 949 480 895 569 399 284 69 718 966 851 636 188 247 230 891 423 556 823 419 963 427 943 862 687 947 413 682 360 375 263 323 875 48 560 181 150 909 330 262 34 160 211 111 572 375 658 453 948 965 832 972 305 331 176 369 107 818 437 653 28 544 941 14 635 287 170 879 776 509 578 42 163 17 226 630 148 259 768 831 252 969 854 969 696 796 951 234 712 467 475 985 651 598 422 95 626 594 176 912 388 221 198 235 699 762 771 543 902 126 204 996 47 503 701 463 859 219 6 281 661 718 449 37 304 531 339 189 666 807 737 459 140 154 841 379 167 748 808 102 62 524 673 675 455 678 650 380 71 561 345 356 63 669 792 449 391 638 462 693 821 702 256 922 539 497 251 485 762 104 782 352 618 481 919 56 920 634 833 182 606 997 274 563 615 460 472 824 155 261 394 565 51 690 899 408 618 265 208 659 806 241 988 80 192 868 136 553 337 386 590 312 535 954 973 90 84 210 747 703 477 97 902 773 726 646 811 823 714 938 404 694 910 349 56 415 627 646 745 433 774 301 15 123 775 670 586 647 202 498 575 594 173 353 407 571 269 624 118 902 620 787 93 927 722 45 319 514 974 625 271 846 906 232 674 410
165
152 125 59 18 81 113 78 54 17 104 138 162 24 101 74 126 78 20 105 148 143 143 131 124 101 127 127 156 100 107 146 72 46 49 131 145 132 58 146 31 148 77 63 109 68 7 88 108 143 28 90 97 147 139 46 129 150 126 161 50 122 86 81 99 86 102 88 75 80 72 73 66 122 38 77 149 88 17 138 103 96 124 111 94 58 76 73 42 139 82 4 64 97 147 127 63 22 29 63 127 98 71 80 162 42 111 74 134 1 94 5 93 31 150 142 21 27 117 48 135 40 63 93 137 29 150 118 159 137 29 110 127 124 17 66 75 133 144 8 58 4 116 115 107 83 113 8 81 84 47 153 100 10 14 154 57 42 22 17 72 39 137 33 139 143
100
2 68 35 11 11 30 87 100 45 99 56 4 5 69 1 28 88 8 48 95 94 84 45 4 98 58 26 23 50 83 73 18 43 15 31 39 90 62 87 82 70 94 35 12 38 49 100 20 32 92 39 48 50 27 77 79 54 6 82 72 12 25 40 3 68 63 93 10 17 80 32 46 57 46 90 18 64 91 14 85 89 86 72 55 44 16 67 53 19 45 81 34 61 49 66 14 93 41 36 24
100
82 18 76 57 56 48 64 86 73 46 17 60 22 81 59 66 11 2 70 68 26 13 97 36 40 21 50 98 78 89 34 96 84 31 58 24 75 63 52 25 54 72 45 92 43 10 49 6 47 27 65 39 91 41 69 5 4 35 15 12 100 99 38 7 51 16 74 20 55 19 90 42 9 67 37 3 93 29 87 83 14 1 80 33 94 8 79 95 30 71 53 44 77 85 88 32 23 28 62 61
50
11 30 39 12 21 41 48 3 10 21 27 36 48 32 34 12 37 46 38 2 44 15 12 23 45 1 50 5 35 19 4 29 50 48 4 50 9 10 32 23 49 40 8 38 8 13 1 17 50 25
53
35 6 42 47 46 40 43 41 26 23 28 37 31 10 8 17 32 19 14 41 4 11 1 38 27 7 22 32 21 16 52 22 30 18 1 50 29 3 24 51 44 35 20 53 13 48 25 45 9 49 33 15 8