255000255255255000255000255255136000000255000000000255255000000000000255255136000255000000255255000000255000
255255000255000255255000000255000255255136000000000255000000255255255000255000000255255000255000255255136000
255000000000000255255000000000000255000255000255000255255255000000000255000255000255255000000255000255136000
255000000255136000255000000255000255255136000255255000255255000255000000000255000255000000255000255000255000
255000255000000255255000255255000000255255000255136000000000255255136000255000000000255000000255000255255000
000000255000000255255000255255255000255136000000255000000000255255136000255255000255000255255000000000255000
000000255255000255255000000255000255000255000255136000000255000255255000255000000255255000000000255255136000
000000255255000255255000000255000255000255000255136000000255000255255000255000000255136000000255000255000255
255255000255000255255000000255255000000000255000255000255136000000000255255000255255000000255000000255255000
000255000255136000000255000000000255000000255255255000255000255000255000255136000255000255255000000255000255
255255000000255000255255000000000255000000255000255000255136000255000000255000000255255000000000255000255000
000000255255136000255255000255000255255000000255136000255000000000255000255255000255000255255136000000000255
000000255000255000000255000000000255000255000255000255255255000255136000000000255255255000255000255255000000
255255000255000000000255000255000255255000255000255000255000000255255000000000255255136000000000255255136000
000000255255000000255000255255136000255255000000255000000255000000000255255000255255136000255000000255255000
000000255255000000255000255255136000255255000000255000000255000000000255255000255000255000000000255255000000
255255000255136000000255000255255000000000255255000255255136000255000255255136000000255000255255000000255000
255255000255000255000000255255000255000000255255136000255000000000000255000000255255000000255136000255255000
255000255255255000000255000255000255000255000255136000255255000000000255000000255255255000255000255255136000
000255000255000000000255000255000000255000000000000255255000255000000255255000255255255000255255000255136000
255000000255136000255136000000255000000000255000255000255000000255000255255000255255255000000000255255255000
255136000255255000255255000000000255000000255255000000255000000000255000000255000255000255255136000255000255
255136000255255000255255000000000255000000255255000000255000000000255000000255000255000255255136000000000255
255255000255000255255255000255000255000000255255000000255000000255136000000255000255000000255000255255136000
000000255000255000255000000000255000255136000255000255000000255255136000255000255255136000255000000255255000
000255000255000000000255000255000255000000255255255000255136000000000255000000255255255000000255000255000255
255000000255000255255255000255000000255136000000255000255136000000255000000000255255255000255000000255255000
255000000255136000255000255000000255000000255255136000255255000255136000255255000255000000255000000255000255
000255000255000255255000000000000255000000255255000000255255000255000255000255000255000255000255000255136000
255136000255000000255000255255000000000255000000000255255136000000000255255000255255255000255255000000255000
255136000255000000255000255255000000000255000000000255255136000000000255255000255255255000000000255255255000
000255000255000000255136000255000000255255000255000255255000255000255000255000255000255000000255000255255000
255255000000000255255000255255000000255136000255000000000000255000255000255000255255000000000000255255000000
255136000255255000255000255255255000000255000000000255000255000255000255000255000255000255255000000255255000
000000255255000000000000255255136000255136000255000000255000255255136000000000255255000255255000000000255000
255255000255136000255255000000255000255000000000000255255000000255000255000255000255136000255136000000000255
255000255255255000000000255255000255255000000255136000000255000255255000255000255000000255255136000255000000
255000000000000255255136000255255000000255000255000255255000255000255000255136000255255000000000255255000000
000255000000000255255000000000000255255136000255000000000255000255255000255255000255000255255136000255000255
000255000000000255255000000000000255255136000255000000000255000255255000255255000255000000255255000255136000
000255000255255000000255000255000000255000255000000255255000255000000255000000255255000000255000255255136000
255255000255136000255255000000255000000255000255000255000000255255255000255000000255255000255000255000255000
255000255000000255000000255255000000255255000255000255255136000255255000255000000000000255255000000000000255
000255000255136000255000255255000000255136000000255000000000255255136000255255000255000000255000255255255000
000000255255000255255136000255255000255000255255136000255000255000000255255000000255255000000255000255000000
255255000000000255255255000255000255255000000000255000255000000255136000255136000255000255000000255000255000
255255000000000255255255000255000255255000000000255000255000000255136000255136000255000255255000000000000255
255136000255000255255136000255000255000255000000000255255255000000255000255255000000255000255136000255000000
000000255255000000255000255000000255255136000255255000000255000000000255000000255255000000255136000255000255
255255000255000255000255000255000000000255000255000000000000255255000000255255000255000255255000255000255000
000255000000000255255255000255136000000255000255000255255255000255000255255136000000000255000000255255000000
255000000255255000000255000255000255000255000255136000000255000255255000255000255255000000255136000255000000
000000255255255000255000000255000255000000255255000000000255000000000255255000255255136000255255000255136000
255000255000000255255136000000000255255255000255136000000255000255000255255000000000255000255255000255000000
000255000255000000255136000255000000255255000255000255255000255000255000255136000000000255000000255255255000
000255000255000000255136000255000000255255000255000255255000255000255000255136000000000255255000255000255000
255136000000000255255136000000000255255000000255255000255255000255000000255136000255000000255000255000255000
000000255255000255255136000255000000000255000255255000255000000255136000255000255000255000000000255255255000
255136000255255000000255000255000255000000255255000000000255000000000255255136000000255000255000255255255000
255000255255255000255000255255000000255000255255000000255255000000000255000000255255136000255136000000255000
255255000255136000255136000255000000255255000255000000255255000255000255255000255000000255000255000000000255
255255000000255000255136000000255000255000000000000255255000000255255000255136000255000255255000255000000255
255255000000255000255136000000255000255000000000000255255000000255255000255136000255000255255000255255136000
255000000255000255000255000255000000000000255255136000255000255255255000000255000255255000255000000255000255
000000255255000000255136000255255000255000255255136000000255000255255000255000000255136000000000255255000255
255000255000000255255000000255136000255255000255000000255136000255255000255136000000255000000255000000000255
000000255255255000255000255255000000255136000255255000000255000255255000255000000000255000255136000255000255
000000255255000255255000255255136000255000255255136000000000255255255000000255000255255000000255000255000000
255000000000255000000000255255000000255255000255136000255000255255136000000000255255000255000255000255255000
000000255255255000000255000255000000255136000000255000255136000255000255255000000255000255255255000000000255
000000255255255000000255000255000000255136000000255000255136000255000255255000000255000255255255000255136000
255136000255255000255000255255000000000000255255000255000255000000000255000255000255000255255000255000000255
255255000000000255255136000255255000255136000000255000255000000255255000255255000255000255000255000255000255
000255000255136000255136000255000000255000000000000255255000255255255000255136000255000255255000000000255000
255255000000255000000000255255136000255000000000000255255136000000255000000255000255136000255000255000000255
255000255255000000255255000255000255000000255255136000255136000000255000255000255255255000000000255255000000
255000000000255000255000000000000255255000255000000255255136000000255000255000000000255000255000255255255000
000255000255136000255000255255255000255000255000000255255136000255000000255255000255000000000255000000000255
255000255000000255255136000255000000255255000255000000255000255000255000000255000255136000255255000000000255
255000255000000255255136000255000000255255000255000000255000255000255000000255000255136000255000255000255000
255000000000255000255255000255136000255000255000000255255000000000000255255136000000000255255000255000255000
000255000255255000255255000255136000255136000255000000255000000000000255255255000000000255000255000255255000
000255000255136000255000255255136000255000255255255000255000255255136000000000255000255000000000255255255000
255000255255000000255000000000255000255255000000255000255000255255000000000000255255000000255136000000255000
255136000255000255255255000255000255255255000255000000255000000000255000255000255000255000255136000000000255
255136000255136000255000000000255000255000255255000000000000255255255000000000255255255000255136000255000255
255000000255255000000000255255000255255000255255136000000255000255136000000255000000000255255255000255000000
255000000255255000000000255255000255255000255255136000000255000255136000000255000000000255255255000255255000
255000000255255000255000255255000000000255000255136000255136000000255000255000255255000255000000255255000255
255255000000000255255000000255136000000255000255000000255255000000255000000000255255000000255000255255136000
255255000255000255255000000255255000000255000000000255255000255000255000255000255255000000255255000255136000
255136000255255000255000000255255000000255000000000255255000255000255000255136000255000255255136000000000255
255255000000000255255000255000000255255255000000255000255255000255000000255000255255000000255136000000255000
255000000255000255255255000255000000000000255000255000255136000000255000255136000255255000000000255255000255
255000000255000255255255000255000000000000255000255000255136000000255000255136000255255000000000255255255000
255000255255136000000000255000255000255255000255000000255000255255136000000255000000000255000000255255000000
000000255255000000255136000255000255255255000255136000255255000000255000255000255255136000255000000255255000
255000000000255000000255000255000255000000255255255000000000255255136000255000255255255000255136000255255000
255000000000000255000255000000000255000255000255000255255136000255000000255255000255136000000255000255000255
255000000000000255000000255255255000255136000255000255255000255255255000000000255255255000000255000000000255
255000000000255000255136000255000255255000000255255000255000000255136000000255000255000255000255000000000255
255136000000000255255255000000000255255136000000255000255000000000255000255255000255000255255000255255136000
000000255000255000000255000000000255255136000255000255255136000255000000255255000255000000255000255255255000
000000255255000255255136000000255000255000000255136000000000255255255000000255000255255000255000255255000000
000000255255000255255136000000255000255000000255136000000000255255255000000255000255255000255000255255255000
000000255255255000255136000000000255000255000255000255255000000000255000255000255255255000255000255255000000
000000255255136000000255000255136000000255000255000000000000255255255000000255000000000255255000000000000255
255000255255136000255255000000255000255000000255255000255000255255000255000000255255255000255136000000000255
255136000255000255000255000255000000000255000255000000000255000255255000255136000000255000255000000255136000
000000255255255000000000255255255000255136000000255000255000255000000255000000255255255000255000000255136000
255000255255000000255000000255000255255000255000255000000255000000000255255136000255255000255136000255255000
255000000000000255000000255255000255000255000255136000000255000255255000255000255255255000255136000255000000
000255000255136000255000000255000255000000255255000000255136000000255000255000255255255000255255000000000255
000255000255136000255000000255000255000000255255000000255136000000255000255000255255255000255255000255255000
255000255255255000000000255255000255000000255255136000000255000255000000000255000000255000000255000000000255
255000255255000000255000255255136000000000255255136000255000000000000255255136000255000000255255000255000255
000000255255255000255136000000255000000255000255000000255136000255000255000255000000000255000000255255255000
255000255255136000000255000255000000255136000000000255255000000255136000255000000255000255000255000255255000
000255000255255000000255000255255000255000000255255000255000000255000255255136000000000255000000255255136000
000000255255255000255136000000255000000255000255000255255000000255000255255136000255000000000000255255255000
000000255255255000255136000000255000000255000255000255255000000255000255255136000255000000000000255000255000
255000000000255000000000255255000000000000255255000255255136000255255000255136000255255000000000255255000000
255000000255136000255136000255000255255255000000000255000255000255255000255000255000000255255255000000255000
255255000255000255255000255255136000255136000255000000000000255000255000255000255000000255000000255255000000
000255000255255000255000255255255000255136000000000255255255000255136000255000000255255000000255000000000255
000255000255000255255000255255000000255255000255136000255000000255136000255000000255000255255255000255000255
000255000000000255000255000255255000000255000255000255000000255000255000255000000255136000255000000255000255
000000255255255000000000255000255000255000255255136000255136000255000000255000000000000255255255000255000255
000255000255255000000255000255136000255000000255000255255000255255255000000000255255136000000000255255000000
255000000255136000000255000255000255000255000255000255000000255255000000255255000000000255255136000255255000
255000000255136000000255000255000255000255000255000255000000255255000000255255000000000255255000255000000255
255000255000255000255136000000255000255136000000000255255255000255000000255000255255000000255000000000255000
255136000000255000255136000000000255000000255255255000255255000000255000000000255255255000255136000255000255
000255000255136000000000255255255000255000000000255000255000255255136000255000000000000255000000255255255000
255136000255000255000255000255000000000000255255136000255136000255255000255255000000255000000000255255000000
255000255255000000255000255255000000255000000000255000255000255255255000255255000255000255255136000000000255
255000255000255000255255000000255000255136000000000255000000255255000255255255000255000000255000000255136000
255000255000255000255255000000255000255136000000000255000000255255000255255255000255000000255000000255000000
255255000000000255255255000255000255255000255255136000000000255000255000000255000255000000255136000255000000
255255000000000255255255000255000255255000255255136000000000255000255000000255000255136000255000255255000000
000000255000255000255136000000255000255000000255255000000000255255000000255255000255136000255255000255136000
000255000000000255000000255255000255000255000255255000000000255000255000255000255255000000255000255255136000
000000255255136000255000000255000255000255000255136000255136000255000000000000255255000255000000255000255000
255255000255000000255000255000000255255000000000000255255136000255255000255255000000255000000255000255000000
000255000000000255255136000000000255255000255255255000000255000255000255255000000255136000255000000255255000
000255000000000255255136000000000255255000255255255000000255000255000255255000000255136000255000000255000000
255000255000255000255000255000255000255255000255136000255136000255255000255000000255136000255000000255000255
000255000000000255255136000000255000255255000255000000255255000000000255255000255255136000255136000255000000
255000000255255000255000255255255000000255000255000255000255000000000255255255000255136000000000255255000255
255000000000255000000255000255255000000000255255000255255136000255000000000000255000255000000000255000255000
255255000255000255255000255255136000255000000255136000255136000255000000255000000255000255255255000255000255
255255000000255000000000255255255000000000255255255000255000000000000255255136000255000000000255000255136000
255255000000000255000000255255255000255136000000255000000255000255000000255000000255000255255000255255136000
255136000255000255255000255255255000255000000000000255255000000255136000255255000000255000000000255000255000
255136000255000255255000255255255000255000000000000255255000000255136000255255000000255000000000255000000255
255136000000000255255000255000255000000255000255000000255255000255000000255255000255000255255255000000000255
255136000255000255000255000255136000255255000255000000255000000255000255000255000000000255255000255255255000
255255000255000255000000255255000000255000000000255000255136000255136000000000255000255000255000255000255000
255000000255000255255255000255000000255255000255136000255000000000255000000255000255136000255255000255136000
255000000255255000255000255000000255000000255000255000000000255255000255255136000255255000255136000000255000
255000000255000255255255000255136000255000000000255000255000255000255000255136000000000255255000000000000255
255255000255136000255136000255255000000000255255000000000000255000255000255000255000255000255000000255000255
000255000000000255000255000255255000255136000255000255255000255000000255255000000255255000255136000255000000
000255000000000255000255000255255000255136000255000255255000255000000255255000000255000255255255000000255000
255000000000000255000000255255136000255255000000255000255000255255000000000255000000000255000000255255000000
255000255255000000255000255255255000255136000255255000000255000000000255255000000000255000255255000255000255
000000255255000255255136000255000000255000000000000255000255000255136000255136000255000255255000255255255000
000255000255255000000255000255000000000000255255255000000000255255255000000255000255136000255000255255136000
000255000255000255255136000255255000000000255255136000255000000000000255255000000255255000255000255000255000
000000255255255000255000000255000255255000000255000255000000255255255000255136000000255000255136000000255000
000000255255255000255000000255000255255000000255000255000000255255255000255136000000255000255000255000255000
000000255255255000255136000255255000255000000255000255000000255255000000000255000255000255255255000255136000
255000000255255000255000255255000000000000255255136000255000255255136000000255000255136000255255000000000255
255000000255255000255000000000255000255000255000255000255000255255000000255255000000000255000000255255255000
255136000255000000255136000255136000255000000000255000000255000255000000255136000255000255000000255255255000
255136000255000000255136000000000255000255000000000255255000000255000255255000255255255000255255000000255000
255136000000000255255000000000255000255255000255000000255000255255255000000255000255000255255136000000000255
000000255255255000255000000255000255255000255000255000000255000255136000255136000255000000255255000000000255
000000255255255000255000000255000255255000255000255000000255000255136000255136000255000000255000000000000255
255000255255136000255000255000255000255255000255000000255136000255255000000255000255000000255255000000000255
000000255000255000255000000255000255255255000255136000000255000255136000255136000255255000255000000000000255
255000000000000255255000255255255000000255000255000255000255000000000255000000255255000000255255000255000255
255136000000255000255000000255136000255255000255000000255000255255136000000000255000255000000000255255000000
255136000255000255255255000000255000255255000000255000000255000255136000255000255000000255255000000255000255
255136000255000000000000255000255000255255000255136000255255000255000000000255000255000255255000255255136000
255255000000000255255000000255255000255000000255136000000000255000255000255000255000255000255136000255000255
000255000000000255255000000000000255255255000255136000000255000255136000255000000255000255255000255255255000
000255000000000255255000000000000255255255000255136000000255000255136000255000000255000255255000255255000255
255000255000000255000000255255255000255136000255000000000255000255136000000255000000000255255000255255255000
255000000255136000255000000255136000255000255255255000000000255255136000255136000255000000255000000255000255
255000255000000255000255000255255000000255000255000000000255000255136000255136000000000255000000255255000255
255000255000255000255255000255000000255000255255255000000000255255136000000000255255136000255000000255255000
255000000000255000000255000255255000255000000255136000255000000255136000255000255000000255000255000255000255
000255000255255000255255000255000000255136000000255000255000255000255000000000255255255000255136000000000255
255136000000255000255000000255255000255000000255255000000255000000000255255000255000000255255000255255136000
255136000000255000255000000255255000255000000255255000000255000000000255255000255000000255255000255255255000
000255000000000255255136000000000255255255000255000000255000255255000000255136000255136000255255000255000000
000000255255000000000255000000000255255000255255255000255000255255136000255000255000255000255000000000255000
255136000255000000000000255255255000255255000000000255255000255000255000255136000255000000000000255255000000
255000255000255000255255000255000255255255000000000255000000255255000255255000255000255000255136000000255000
000000255255255000255255000255000000255000000255000000255000000255136000255000255255136000000000255255000255
000255000000000255255255000000255000000255000000000255255255000255000255255136000255255000000255000000000255
255000255000000255255255000255000255255255000255136000255000000000255000000255000255000000000000255255136000
255000000255136000000255000255136000255000255000255000255000000255000255000000255255255000000000255255255000
255255000000255000000255000255255000255000000255136000000000255255000000000000255255000255255000255255136000
255255000000255000000255000255255000255000000255136000000000255255000000000000255255000255255000255000000255
255000255000255000255000255255000000255000000255136000255255000255136000255255000255136000255255000000255000
255000255000000255255000000255136000000255000255000000000000255255000255255136000255255000000000255000255000
000255000255000255255000000255255000255000000000000255000000255000255000255136000000255000255000000255000255
255255000255000255255255000255136000000000255255000255255255000000255000255255000255000000255136000255000000
000000255255136000255000255255000255255255000000000255255000000255136000255136000255000255000255000000000255
255000000255255000255136000000255000255136000000000255000000255255000000255000000255000255255000255255255000
000000255255136000255000000255000255255255000255000255255255000000000255255000000000255000000255000255136000
000000255255136000255000000255000255255255000255000255255255000000000255255000000000255000000255000255000000
255136000000000255000000255255136000000255000255000000000255000255000255255136000255255000000255000255136000
255000000255000255255000255255000000000000255000255000000000255000255000255255000000000255255000000255000255
255000000000255000255255000255136000255000255255136000000000255000255000255136000255000000255136000000255000
255000255255255000255255000255000000000000255000255000000255000255000255255255000000000255000000255255255000
255136000255000255000255000255000255255136000255255000255136000000000255000000255255000255255255000255000000
255000000000000255255000000000000255255255000000255000255136000000255000255000000255000255255255000255000255
255136000000255000000000255255255000255255000000000255255000000255136000255000255255000000255000255000255000
255000000000255000255136000255000255255000255255255000255000000000000255000000255255136000255255000000255000
255000000000255000255136000255000255255000255255255000255000000000000255000000255255136000255000255000255000
255000000255000255000000255255000000255255000000255000255136000255000255255255000255000255255136000255000000
000000255255136000255255000000255000000255000255255000000255000255000000000255000255136000255255000255136000
255000255255000000255000255000000255255136000000000255255255000000000255255000255255255000255000000000255000
000255000255000000000255000255255000255136000255000255255000255255000000000255000000000255255136000000000255
255255000255000000255000000000255000255000255000000255255255000255136000255136000000255000255000255000000255
255255000255000000255000000000255000255000255000000255255255000255136000255136000000255000255000255255000000
255000000000255000255255000255136000255136000255000255255000255000255000000000255255000255255255000000255000
255136000000000255255136000255000000255000000000255000000000255255000000255136000000255000000000255255136000
255000255255000000000255000255255000255255000000000255000000255255000000255136000255000255255000255255136000
000255000255000000255255000000255000255000255255255000000255000255255000255000000255136000255136000255000255
000000255000255000255136000000000255255255000255136000255000000000255000000000255255000255255000255255255000
000255000000000255255136000000255000255000255255000000255255000000000255255255000255136000255000255255000000
255136000000000255255000255000255000255000255000255000000000255255255000255000000255255000255136000255000000
255136000000000255255000255000255000255000255000255000000000255255255000255000000255255000000000255255255000
000255000255000255000255000255000000000000255255136000255000255255000000255000000000000255000255000255136000
255000255000255000255255000000000255255255000000000255000255000255255000255000000255136000255000255255136000
255255000255000255000000255255000000255000255000255000255000255000255000255000000255255000255000000255255000
255136000000000255255000000255136000000000255255136000255000255255255000255255000255000255000255000000000255
255000000000255000255000000255000255255136000255000255000000255000255000000000255255255000255136000255255000
255000000000255000255000000255000255255136000255000255000000255000255000000000255255255000255136000255136000
255000000000255000255255000000000255255000255255136000000255000255000000255255000000000255255136000255255000
000000255255136000000000255255000255000255000255255000000255000255000000255000255000255000255000255000000255
255255000000000255000255000255000000255000000255000255255136000255000000000000255255000255255136000255255000
255000000255136000000255000255000255255255000255255000000255000255000000000255000255000000000000255255000255
255000255255136000255255000255136000255000255255255000000000255255136000255136000000000255255000255255000000
000255000255000000255255000255136000000255000255255000255000255255255000000000255255136000000000255255000000
255000255255000000000000255255136000255000255000000255000255000255255000255255000255136000255000000255000255
255255000255000255255000255000255000000000255255000000000000255255255000255136000000255000255136000255000000
255255000255000255255000255000255000000000255255000000000000255255255000255136000000255000000000255255136000
255000255255255000000255000255000255000255000255000000255255000255000000255000000255136000255000000000255000
255255000000255000255000255255255000000000255255000255255136000000000255255136000000255000255136000255000000
255255000000000255000255000255000255255000255255000255255000255000000255255136000000000255255255000255000000
255000000000255000255136000255000000255136000255000255255000255000000255255000000000255000255136000255255000
255000255000000255000255000255000255255136000000255000255136000255000000255255000255000000000000255255255000
000255000255000000255255000255000000255136000255255000000255000255136000000000255255000255255000255000000255
255000000255000255000000255255000255255255000000255000255136000000255000000000255255136000255000000255255000
255000000255000255000000255255000255255255000000255000255136000000255000000000255255136000255000000255136000
255000000000255000255000255000000255255000255255136000255255000255000000255255000255136000000000255000255000
000255000000000255255000000255255000255000000255000255255000255255000255255255000000255000000000255255255000
000000255255000000255000000255136000255136000255255000255136000000000255255000255255000000255255000255000255
000255000000000255000255000255000000255136000255000000000000255255000255255136000000000255255136000255255000
000255000255255000000255000255000000255255000255136000255000255000000255000255000255000000255136000255255000
255000000255136000255136000000255000000255000000000255255000255000000255255255000255000255255000000255255000
255255000000255000255000000255255000255000000000000255000000255000255000255136000255000255255136000255000255
255255000000255000255000000255255000255000000000000255000000255000255000255136000255000255255136000255136000
000255000255000000255000255255255000255136000255000255000255000255000000255255000255136000255136000255000000
000255000255000255000000255255000255255000000000000255000000255255136000000000255000255000255255000255000255
255000000255136000000255000255000000255000255255000000000000255255136000255136000255000255255000000255000255
255255000000000255255255000000255000255000000000000255000255000255000000255136000255255000255136000255000255
000255000255136000255136000000255000255255000255000255255000255255255000000000255255000000000000255255000000
255000000255255000255000000000255000255000255255136000255255000000000255000255000000000255255000255255136000
255000000255255000255000000000255000255000255255136000255255000000000255000255000000000255255000255255255000
255000000000255000000000255255136000000000255255000255255000000000255000255136000255255000000255000000000255
000255000255136000255136000255255000255000255255255000255000255255255000255255000000255000000000255255136000
255000255255000000255000000255000255000000255255136000255000255000255000255255000255000255255000000255255000
000255000255136000255136000255000255255255000255000255255000000000255000255136000000000255000000255255136000
000255000255000000255000255255136000000255000255000255000000255000255000255136000255000000255000000255255000
255000000255000255000000255255000000000255000000000255255255000000255000255136000255255000255000255255136000
255000000255000255000000255255000000000255000000000255255255000000255000255136000255255000255000255000255000
255000000255255000000000255255255000000000255255136000255000255255000000255000255000255000255136000000255000
255000000255255000000000255255255000000000255255136000255000255255000000255000255255136000255000000000255000
000255000000000255000000255255000255255000000255255000255136000255255000255136000255000000255000000255136000
000000255255255000000255000255255000255000255000255000000255000255255000255136000000000255255000255255136000
000255000255000000255000000000000255255255000255000255255000255255136000255000000000000255000255000000000255
000255000255136000255000000255136000255000000000000255255000255000000255255255000000255000000255000255255000
255000255255136000000000255255000255255255000000000255255000000000255000000255000255000000255255000255136000
255000000000000255255000000255255000255136000255000255255136000000000255255255000000255000000255000255000255
255000000000000255255000000255255000255136000255000255255136000000000255255255000000000255255136000000255000
255136000255000000000000255255255000000255000255255000255000255255000000255255000255136000255255000255000255
000000255255000255000000255000255000255000000000255000255000000000255000255136000000000255255255000255000255
000255000255000000000000255255136000255000255255255000000000255000255000000255000255000000255000000255136000
255000255255136000255000255255000000255000000255255000255255000255136000000255000000000255000000255000255000
255000255255136000255000000000255000000255000255255000255255000000000255255000255000000255255136000255000255
000000255255000255255255000255000255000255000255000000000255000000000255255136000255255000255000000255136000
000000255255000255255255000255000255000255000255000000000255000000000255255136000255255000255136000255000000
255136000255000000000255000255255000000000255255255000000000255255000255000255000255000000255000255255255000
000255000000000255000000255255136000255136000255255000255000000000255000255136000255255000000000255255136000
000255000000000255255000000255255000255000255255000000255000255255136000255255000000255000255000255255000000
255136000000000255000000255255255000000000255000255000255000255255255000255255000255000000000000255000255000
255000255255136000255000000255255000255000000255255000000255000000000255000000255255000255255136000255000255
255136000000255000255136000255000000000255000255255000255255000255000255255000255255000000000000255000255000
000000255255255000255136000000000255255000000000000255255255000255000000255136000000255000255000255000255000
255000255255255000255255000255000255255000000000255000000000255255136000000000255255136000255000000000255000
255000255255255000255255000255000255255000000000255000000000255255136000000000255255136000255000000255136000
255000255255136000000000255255255000000000255255255000000255000255000255000255000255000000000255000255136000
255000255000000255255000000255000255255136000255255000255255000000000255000000255000255000000255000255255000
255136000255000000255136000255000255255255000255000255000000255255255000255000255000000255255136000000255000
255255000255136000255000000255000255255000000000255000000000255255000255000000255255136000255255000000255000
255000000255000255255000000255136000255255000000000255000000255255000000255000000255000255255136000255000255
255136000000255000000255000255255000000000255255136000255136000000000255255000000255000255255000255255255000
000255000255136000255000255255000000000255000255000255255255000000255000255000000255255000000000255255136000
255255000000255000000255000255255000255136000255000000255136000255000000000000255255000255255000255000000255
255255000000255000000255000255255000255136000255000000255136000255000000000000255255000255255000255255136000
000255000255000000255000000000000255000000255255136000000255000255000255255000255255255000255255000255136000
000255000255000000255000000000000255000000255255136000000255000255000255255000255255255000255136000000000255
000255000000000255255000000000255000255000000255136000255000255000000255255000000255000255255000255255136000
000255000000000255000255000255255000255136000000000255000255000255136000255255000255000000000000255255255000
000255000255136000255000255255000000255136000000255000000000255000255000255255000000000255255255000255136000
255000000255000255000000255000255000000000255255000000255255000255136000255255000255000255255000255255000000
000255000255136000255255000255000255000000255255000000255136000000000255255255000000255000000255000255000000
255000000255255000255255000255136000255000255000255000255000255000255000255136000000000255255000000000000255
000255000000000255255136000255000255255255000255136000255255000255000000255000255255000000000255000000000255
000255000000000255255136000255000255255255000255136000255255000255000000255000255255000000255255000000000255
255000000255136000255000000000255000000255000000000255255000255255136000255255000255000255255136000255255000
255000000000000255000255000255000000255136000000255000000000255255000255000255000255000000255000255255255000
000000255255000255000000255255000000255136000255255000000255000255000000255255000255136000000000255000255000
255000000000255000255000255255136000255000000255255000000255000255000255000255000000000255255000000255136000
255136000255000255000000255255255000255000255255255000000000255255000255000255000000000255000255000255000000
255136000000255000000255000255255000255000000255000255255000255000000255255136000255255000255000000255136000
000255000255000000255000000255000255255255000000000255255136000000255000255136000255000255000000255255255000
255000255255255000255255000255136000255136000255000000255000255255000000000000255000255000000255000000000255
255000255255255000255255000255136000255136000255000000255000255255000000000000255000255000255136000255000000
255255000255000255255255000000255000000000255000255000000000255255255000255000255000000255255000255255000000
255255000000255000255136000000000255255136000000000255000255000000000255255136000255000255255000000255000255
000255000255255000255255000255136000255000000000255000000000255000255000255000000255000255255000000255136000
000000255255136000255000255255255000000000255255000000255000255255255000255000255255255000255136000255000000
255136000000255000000000255255000255255000255255255000255000000255255000000000255000255000000000255255136000
255000000255136000255255000255136000255255000000255000000255000000000255000000255255000000255000255255000000
255255000255000255255255000000255000255136000000000255255000255255000000000255000255000000000000255255136000
255255000255000255255255000000255000255136000000000255255000255255000000000255000255000000000000255255000000
000255000000000255000255000255000255255255000255136000255255000255136000255000000255136000255000255255255000
000255000255255000255000000000255000255000000000000255000000255255255000255136000255255000255136000255000000
000000255255000000000255000000000255000255000255000255255000255255255000255255000255000000000000255000255000
000000255000255000255255000000000255000000255000255000000255000255000000255136000255000000255136000255000255
255000255255000255000000255255000000255000000000255000000255000255136000255136000255255000255000255255255000
255000255255136000255136000255000255000000255255000000000255000255000000255255000000255000000000255255255000
255136000000255000255000000000255000255000000255000255255136000255000255000000255255255000000000255255255000
255136000000255000255000000000255000255000000255000255255136000255000255000000255255255000000000255255000000
255000000000000255255255000000255000000255000255255000255000255255136000255136000255136000255000000255136000
000000255000255000000255000255255000255000255255255000000000255255000255000255000000000255255000000000000255
255136000255000255255255000255136000255000000255255000255000255255136000255000255255000000000255000255255000
000000255000255000255000000000000255255136000255136000000255000255000000000000255255000000000000255255000255
255000255255255000255136000255255000255255000255000255255136000255000255255136000255000000000255000000000255
000255000000000255255000000255000255000255000255255000000000255255255000255136000000000255000255000255136000
255000000255000255255000000255000255000255000255255000000255000000000255255136000255000000255136000255255000
000000255255255000255000000000255000255000255000255000255000255000000255255136000255000000255136000255255000
000000255255255000255000000000255000255000255000255000255000255000000255255136000255000000255255000255000000
255000255000255000255000255000000255255136000255255000255136000000255000255000255000255000255136000000000255
255255000255136000255000000255000255255000000000000255255000255000255000255255000255000255255136000255255000
255136000000255000255000000000000255255000000000255000000000255255000255000000255255136000000255000255000000
255000000255000255255136000255255000255136000255000000000000255255255000000000255000255000000255000255000000
255000255255255000000000255255136000000000255255136000255255000255000255255000255255000000255000000000255000
255136000000255000255255000255000255255000000255255000000000255000255000255000255000000255255136000255000000
255255000000255000000000255255255000000000255255000000255136000255000255255000255255136000255000000000255000
255255000000255000000000255255255000000000255255000000255136000255000255255000255255136000255000000255255000
255255000000255000255000000000000255000000255255000000255136000000255000255000255255136000255000255255255000
255255000000255000255000000000000255000000255255000000255136000255000255255000000255255000255136000000000255
000000255000255000000255000255000000255000255255136000255000255255255000255136000255255000000255000000000255
000000255255000000255136000255000000255000000000255000255255000255136000000000255255000255255000255000255000
255255000255136000255000000255136000255000255255255000255255000000000255255000000255136000000255000255000255
000000255255000255255136000000255000255255000255000000255000000255255000255136000000255000255000255000000255
000255000255255000255255000255000255000000255255136000000000255255000000255000255255000000000255000255136000
000255000255255000255255000255000255000000255255136000000000255255000000255000255255000000000255000255000255
255255000255136000255255000000255000255000255255000000255136000000000255000000255255000255255000000000000255
000255000255136000000255000255136000255000000000000255255255000255000255255000000000000255255000255255136000
255255000255000255000000255255255000255136000000255000255000000255136000000255000255000255255000255255255000
000000255255136000255000000000255000255255000255000000255000255255000000255136000000255000000255000255255000
255255000255000255255136000000000255255000000000255000255000000255136000000000255255136000000000255000255000
255255000255000255255136000000255000000000255000255000000000255255000255255000000255255000255000000255255000
255136000000255000000255000255000255255255000255136000255255000255136000255000000255000255000000255255000000
255000255000000255255255000255136000000255000255136000000000255255000255255000000255255000000255000255000000
255000255000000255255255000255136000000255000255136000000000255255000255255000000255255000255255000000255000
000255000255000000255000255255136000255000255255255000255000000000000255000000255255000255255000255255136000
255000000000000255255255000000000255255255000000255000000255000255000000255000255000000255255000255000255000
255255000255136000255000000255136000000255000000000255255136000255000000255000000255255000255000255000000255
255000255000255000000255000255000000000000255000255000000255000000000255255000000255255000255255000255000255
255136000255000255255000000255136000255255000255000000000255000000000255000255000000000255255000255255255000
255000255255136000255000255255255000255255000000000255255136000000255000000255000255000000000000255255000000
255000255255136000255000255255255000255255000000000255255136000000255000000255000255000000000000255255255000
255000255000000255255136000255000255255000000000255000000255000255000000255136000255000255255000255255136000
255000000000000255255000000000000255000255000255255000000255000255000000255000000000255000255255000000255000
255000255255136000255000255000000255000000255255255000000000255255136000255000255000000255255000000255255000
000255000255255000000255000255255000000255000255136000255000000000000255255000000255255000255000255000255000
255000255000000255255136000000255000255000000255136000000000255255255000255000255255255000255136000255000255
000255000000000255255255000255000000255000000255255000000255000255136000000000255000255000255000255000000255
255255000255136000000000255255255000255000000255000255255000000255136000000000255000255000255000255000255000
255255000255136000000000255255255000255000000255000255255000000255136000000000255000255000255000255255000000
000255000000000255255000255000000255255000255255000000255255000000255000255136000255255000000000255255000255
255000255255000000255136000255255000000255000000000255000255000255000000255255000255136000000255000255255000
000000255000255000255000255255136000255255000255000000000000255255255000255000255255136000000255000255136000
255000000255255000000000255255000255000255000000000255255255000000000255255000255255000000255136000255000255
000000255255255000000255000255000000000000255255000000000000255255255000255000255255136000255000255000255000
000255000255255000000000255000255000255255000255136000255000255255000000000000255255000255255255000255136000
255255000255136000255000000000255000255000255255000000255000255000000255000255000000000255255255000255136000
255000000000255000000000255255136000255255000255000255255255000000255000000000255255136000255000000255000255
255000000000255000000000255255136000255255000255000255255255000000255000000000255000000255255136000255000255
255000000255255000000255000000000255255000255000255000255255000255136000255000255255255000255000255255000000
000000255000255000000000255255255000255000000000255000000255000000000255255000255255255000255136000255255000
255000000255136000255000000255000255000255000255000000000255000000000255255000255255136000255000255255255000
000000255255255000000000255255255000255000000000000255255136000000255000255255000255136000255000255255000000
255136000000000255255000255255136000255000255255255000000255000255255000000255000255000000255000000000000255
255136000000000255255000255255136000255000255255255000000255000255255000000255000255000000255000255255255000
255136000255000000255000000255136000255000255000000255000000255000255000000255000000255000255136000255255000
255136000000000255000255000000000255255000000255255000255000000000000255000000255255136000255136000000255000
255000000255000255255255000255000000255255000000255000255000255255000255000255000255000000000000255255000000
000000255255136000000255000255136000255000255255255000255255000255000000255000255255136000255136000000255000
255000000255255000000000255255000255000000255000255000000000255000255000000000255255000000255000255255000000
255255000255136000255255000000255000255136000255000000255000000000000255255255000000000255255255000255000255
255000255255136000255255000255000000000255000255000000255000255255136000000000255255255000000255000000000255
255255000255000000255255000255136000255000255000255000255000255000255000000000255255136000255000000000000255
255255000255000000255255000255136000255000255000255000255000255000255000000000255255136000255000000000255000
255136000255255000255136000000000255255000000000255000255255000255000255255000255000000255000000255255136000
255255000255000000255255000255000000255136000255000255000255000255000255255000255000255000000255000000000255
000000255255255000255000000255000255255136000255000000255136000255000000000000255000255000255136000000000255
255136000255000000000255000255255000255255000000255000255136000255000000000000255255000255255000255255255000
255255000255000000000255000000000255000255000255255000255255000000255000255000000255136000255000255255136000
000000255255000255000000255255255000000000255255000000255000000000255000255000255255255000255000255255136000
255136000000000255255000000255136000000255000255000255255255000000000255255136000255255000000255000255000255
255255000255136000255000000255136000255000255000000255000255000255000255000255000255000000255255000000000255
255255000255136000255000000255136000255000255000000255000255000255000255000255000255000000255255000000255000
255255000000255000000000255255255000255136000000000255255136000255000255255000000255000255000255000000000255
000000255255255000255136000255000000255000000000255000255000255255255000255255000000000255000000255255000255
000255000255000000255000000000255000255000255255136000255136000255255000255000000255136000000255000255255000
255000255000255000255136000000000255255255000255136000255000000255136000000255000000000255255255000000255000
255000000255000255000000255000000255000255000000000255255000255255000000255136000255255000255136000000255000
255000255255000000255000255255255000255000000255136000255136000255000000000000255255000255000000255000255000
000255000000000255000255000255136000255000255255255000255000255000000255255000000255136000255000000255255000
000255000000000255000255000255136000255000255255255000255000255000000255255000000255136000255000255000000255
000255000255255000255136000255255000000000255255000000000255000255000000255136000000255000000255000255000255
000000255255000255255136000255000000255255000255000000255255000255255000255000000255000255000000255000255000
000255000255136000255000255255000000255255000000000255255255000255136000000000255255000255000255000000000255
000255000255255000255000255255000000255136000255000255255000255255000000255000000000000255000255000255136000
255255000255136000255000000255136000000255000255000000000000255255000255255255000000000255000255000255255000
000000255255255000255136000255000000255000000000255000255000255000255000255136000255000255255255000000000255
000000255255255000255136000255000000255000000000255000255000255000255000255136000255000255255255000255000255
255000000255136000255255000000255000255000255255255000255000000000000255000000255000255000255000000255000255
000255000255000000000000255255136000255000255255255000000255000255255000000000255255255000255000255000255000
255136000000000255255255000255136000255000255255000000000000255255000000255136000255000000255255000255136000
255255000000000255000000255000255000000255000255000255255000000255000255255000000000255000000255000255136000
255000255255136000255255000255136000255000000000255000255255000255000255255255000255136000000255000255000000
255000255000000255000255000255000000255000000255136000255255000000000255255255000255000255255000255255136000
000255000000000255255000255000255000255255000255136000000000255255136000255000255255000000255255000255000000
255000255255136000000000255255255000255000000000255000255000255255136000255255000000000255255000000000255000
255000255255136000000000255255255000255000000000255000255000255255136000255255000000255000255136000000255000
255136000255000000255000255255255000255255000000000255000000255255000000000000255000255000255255000255000255
255136000255255000000255000255136000255000255255000000255000000000000255255000255000255000255136000000255000
000000255255136000255255000255000000255000000255255000255000255000255000255000255255136000255136000255255000
255000000000255000000000255255000000255255000000255000255000000000000255000000255255000000255255000255136000
255136000255000255000000255000255000000000255255136000255000000255136000000255000255000000255255000255000255
255255000000255000255255000255136000255136000255255000000255000255000000255000000000000255255000255000000255
000000255255136000000000255255000000255000255255255000255255000255000255255000000000255000000255000255136000
255000000255255000000255000255000255255000255255136000000000255255255000000000255000255000255000000255136000
255000000255255000000255000255000255255000255255136000000000255255255000000000255000255000255255000255000000
255136000255000255255136000000000255000000255255255000000255000255000255255136000255000255000255000255000255
000000255255000000255255000000000255255255000000255000255000000255255000255000255255136000000000255255136000
255255000000000255255000255255136000255136000000000255000255000255000000255000255255000000255255000255000255
000255000255255000000000255255136000000255000255000255255000000255255000255000000255255000255000255000255000
255000000255136000255000000255136000000255000000000255000255000255255000255255000255000255000000255255000255
