10

1 8
1
0 1 100 2
4
1 1 100
4
0 1 100 1
4
2 1 100 2
4


1 8
1
0 1 100 2
4
1 1 100
4
0 1 100 1
4
2 1 100 2
4


1 8
1
0 1 100 2
4
1 1 100
4
0 1 100 1
4
2 1 100 2
4


1 8
1
0 1 100 2
4
1 1 100
4
0 1 100 1
4
2 1 100 2
4


1 8
1
0 1 100 2
4
1 1 100
4
0 1 100 1
4
2 1 100 2
4


1 8
1
0 1 100 2
4
1 1 100
4
0 1 100 1
4
2 1 100 2
4


1 8
1
0 1 100 2
4
1 1 100
4
0 1 100 1
4
2 1 100 2
4


1 8
1
0 1 100 2
4
1 1 100
4
0 1 100 1
4
2 1 100 2
4


1 8
1
0 1 100 2
4
1 1 100
4
0 1 100 1
4
2 1 100 2
4


1 8
1
0 1 100 2
4
1 1 100
4
0 1 100 1
4
2 1 100 2
4
