2501 4901
1	0
2	-5
3	-5
4	-5
5	-5
6	-5
7	-5
8	-5
9	-5
10	-5
11	-5
12	-5
13	-5
14	-5
15	-5
16	-5
17	-5
18	-5
19	-5
20	-5
21	-5
22	-5
23	-5
24	-5
25	-4.9271
26	-5
27	-3.3199
28	-4.2893
29	-4.8549
30	-5
31	-5
32	-4.0777
33	-4.8058
34	-4.9271
35	-4.3811
36	-5
37	-5
38	-5
39	-5
40	-4.5256
41	-5
42	-5
43	-5
44	-5
45	-5
46	-5
47	-5
48	-3.1583
49	-3.4733
50	-4.4873
51	-3.8181
52	-5
53	-5
54	-5
55	-5
56	-5
57	-5
58	-5
59	-5
60	-5
61	-5
62	-5
63	-5
64	-5
65	-5
66	-5
67	-5
68	-5
69	-5
70	-5
71	-5
72	-4.5285
73	-5
74	-5
75	-5
76	-4.8525
77	-4.6052
78	-4.2637
79	-4.5485
80	-4.1108
81	-3.339
82	-4.6606
83	-4.853
84	-4.8419
85	-4.2797
86	-5
87	-5
88	-4.9178
89	-5
90	-5
91	-4.9178
92	-5
93	-5
94	-5
95	-5
96	-4.9178
97	-3.9312
98	-3.2652
99	-4.319
100	-3.6763
101	-2.6511
102	-5
103	-5
104	-5
105	-5
106	-5
107	-5
108	-5
109	-5
110	-5
111	-5
112	-4.1494
113	-4.4593
114	-5
115	-5
116	-5
117	-5
118	-5
119	-5
120	-5
121	-5
122	-4.6209
123	-3.5919
124	-5
125	-4.9178
126	-4.3672
127	-4.633
128	-4.4368
129	-3.71
130	-4.2504
131	-2.9963
132	-4.8472
133	-3.8332
134	-4.7505
135	-5
136	-4.4559
137	-4.8191
138	-5
139	-5
140	-5
141	-5
142	-5
143	-5
144	-5
145	-5
146	-5
147	-4.0392
148	-2.674
149	-3.173
150	-4.4805
151	-2.4778
152	-5
153	-5
154	-5
155	-5
156	-5
157	-5
158	-5
159	-5
160	-5
161	-5
162	-4.3208
163	-3.9645
164	-5
165	-5
166	-5
167	-5
168	-5
169	-5
170	-5
171	-5
172	-4.4967
173	-4.2985
174	-5
175	-4.9178
176	-4.8379
177	-5
178	-4.0843
179	-2.5256
180	-1.3017
181	-2.5219
182	-4.6024
183	-3.7107
184	-5
185	-5
186	-5
187	-5
188	-5
189	-5
190	-5
191	-5
192	-5
193	-5
194	-5
195	-5
196	-5
197	-4.4997
198	-3.5313
199	-3.7443
200	-3.6121
201	-3.5332
202	-5
203	-5
204	-5
205	-4.9178
206	-4.7639
207	-5
208	-4.9178
209	-5
210	-5
211	-5
212	-5
213	-4.9178
214	-5
215	-5
216	-5
217	-5
218	-5
219	-5
220	-5
221	-5
222	-4.9131
223	-4.2712
224	-5
225	-5
226	-4.7506
227	-4.7617
228	-4.6938
229	-3.7278
230	-4.4803
231	-1.8685
232	-3.8099
233	-4.1636
234	-5
235	-3.7023
236	-4.0705
237	-4.7639
238	-5
239	-5
240	-5
241	-5
242	-5
243	-5
244	-5
245	-4.6901
246	-5
247	-4.4644
248	-4.3813
249	-4.626
250	-3.4797
251	-4.1189
252	-5
253	-5
254	-5
255	-4.9178
256	-4.9178
257	-5
258	-5
259	-5
260	-4.9178
261	-5
262	-5
263	-5
264	-5
265	-5
266	-5
267	-5
268	-5
269	-5
270	-5
271	-5
272	-4.8387
273	-3.9264
274	-5
275	-5
276	-5
277	-4.6986
278	-3.5881
279	-3.5563
280	-4.6022
281	-3.1703
282	-4.5445
283	-4.7771
284	-4.698
285	-2.2684
286	-4.6649
287	-4.3568
288	-5
289	-5
290	-5
291	-5
292	-5
293	-4.5256
294	-5
295	-5
296	-4.9178
297	-4.9249
298	-4.2509
299	-4.2733
300	-4.924
301	-4.4468
302	-4.7058
303	-4.7611
304	-4.5142
305	-4.6165
306	-5
307	-4.5735
308	-4.9178
309	-5
310	-4.9178
311	-5
312	-5
313	-5
314	-5
315	-5
316	-5
317	-4.9126
318	-4.7516
319	-4.8454
320	-4.6717
321	-4.9104
322	-4.7687
323	-5
324	-4.9178
325	-5
326	-4.6988
327	-4.7365
328	-3.4089
329	-4.7394
330	-2.7109
331	-4.7799
332	-5
333	-5
334	-4.1166
335	-1.9581
336	-3.0866
337	-4.3553
338	-5
339	-5
340	-5
341	-5
342	-4.5989
343	-4.5049
344	-4.7723
345	-5
346	-4.3531
347	-2.3191
348	-3.5929
349	-4.9281
350	-3.1675
351	-4.4859
352	-4.4176
353	-3.086
354	-1.3016
355	-4.4928
356	-4.9178
357	-3.1439
358	-5
359	-5
360	-5
361	-5
362	-4.9178
363	-4.9178
364	-5
365	-5
366	-4.9259
367	-5
368	-5
369	-5
370	-3.6148
371	-4.4303
372	-3.59
373	-4.2772
374	-4.6148
375	-4.9178
376	-4.4428
377	-4.3265
378	-4.3283
379	-3.9895
380	-0.90044
381	-4.078
382	-4.9099
383	-5
384	-5
385	-2.4029
386	-4.3441
387	-5
388	-5
389	-5
390	-4.9178
391	-4.5249
392	-1.9304
393	-2.0539
394	-4.5351
395	-2.2003
396	-4.4169
397	-0.85534
398	-4.1512
399	-5
400	-4.5423
401	-4.9283
402	-4.8512
403	-4.9264
404	-4.2589
405	-3.1594
406	-5
407	-3.1439
408	-5
409	-5
410	-5
411	-4.9178
412	-5
413	-5
414	-4.9178
415	-5
416	-5
417	-5
418	-5
419	-5
420	-4.4483
421	-3.9792
422	-5
423	-5
424	-4.4903
425	-4.9178
426	-4.2026
427	-3.227
428	-2.9607
429	-2.9256
430	-4.2796
431	-4.7749
432	-5
433	-5
434	-4.9179
435	-2.4912
436	-3.6165
437	-5
438	-5
439	-5
440	-5
441	-4.7734
442	-2.9981
443	-2.9959
444	-3.0665
445	-3.1005
446	-3.0912
447	-2.1442
448	-3.8556
449	-5
450	-5
451	-4.8943
452	-4.3176
453	-5
454	-4.7793
455	-4.8563
456	-5
457	-4.4865
458	-4.9178
459	-5
460	-5
461	-5
462	-5
463	-4.2969
464	-4.0612
465	-5
466	-4.9178
467	-5
468	-3.7925
469	-4.8223
470	-5
471	-4.8325
472	-5
473	-4.3835
474	-5
475	-5
476	-5
477	-4.3638
478	-1.6841
479	-1.6801
480	-2.7844
481	-4.2223
482	-5
483	-5
484	-4.7787
485	-3.0434
486	-2.5411
487	-4.0653
488	-4.8355
489	-5
490	-4.9178
491	-4.9162
492	-2.4402
493	-2.0079
494	-1.6873
495	-1.9321
496	-4.7789
497	-4.1381
498	-5
499	-4.9265
500	-4.5526
501	-4.3129
502	-4.9283
503	-4.8504
504	-5
505	-4.5101
506	-5
507	-5
508	-5
509	-5
510	-5
511	-5
512	-5
513	-5
514	-4.7796
515	-5
516	-4.7715
517	-4.7632
518	-3.4295
519	-4.9178
520	-4.1716
521	-4.7098
522	-5
523	-4.9279
524	-4.6831
525	-5
526	-4.4486
527	-4.0028
528	-0.42748
529	-2.8402
530	-2.0067
531	-2.5723
532	-5
533	-5
534	-4.9237
535	-4.3479
536	-3.1424
537	-4.5231
538	-4.3184
539	-5
540	-3.4443
541	-3.6972
542	-3.6262
543	-2.809
544	-4.2588
545	-3.2427
546	-3.3206
547	-4.2586
548	-4.4119
549	-3.9243
550	-2.8467
551	-4.8919
552	-4.9225
553	-4.5838
554	-4.6961
555	-4.148
556	-5
557	-5
558	-5
559	-5
560	-5
561	-5
562	-5
563	-4.6809
564	-4.5873
565	-5
566	-4.6018
567	-4.8491
568	-4.5464
569	-4.604
570	-4.3805
571	-4.7606
572	-5
573	-4.9259
574	-4.9272
575	-4.3301
576	-4.2683
577	-4.3095
578	-1.7889
579	-2.1715
580	-3.2533
581	-2.7833
582	-4.5703
583	-3.1622
584	-3.5386
585	-2.2018
586	-1.8207
587	-4.7817
588	-5
589	-5
590	-4.6114
591	-4.6673
592	-2.4045
593	-3.9122
594	-4.2265
595	-3.7421
596	-4.8433
597	-4.7017
598	-4.4323
599	-3.5933
600	-4.3931
601	-4.8006
602	-5
603	-4.5394
604	-4.3035
605	-5
606	-5
607	-5
608	-5
609	-5
610	-5
611	-5
612	-5
613	-3.9394
614	-4.6045
615	-4.8263
616	-4.7636
617	-5
618	-3.782
619	-4.5259
620	-4.3254
621	-4.4721
622	-4.9279
623	-5
624	-4.5994
625	-4.6301
626	-4.6998
627	-4.448
628	-4.7303
629	-3.6636
630	-4.3659
631	-4.5414
632	-4.1375
633	-3.5315
634	-2.9855
635	-0.98651
636	-0.89733
637	-5
638	-4.7036
639	-4.7726
640	-4.2588
641	-4.4409
642	-4.4378
643	-4.261
644	-3.9262
645	-4.4455
646	-5
647	-5
648	-4.1359
649	-4.3092
650	-4.85
651	-4.9214
652	-4.9178
653	-4.8426
654	-4.1604
655	-5
656	-5
657	-5
658	-4.3991
659	-4.2367
660	-4.5817
661	-4.9193
662	-4.5166
663	-4.8727
664	-4.9265
665	-3.9883
666	-4.6708
667	-4.7734
668	-3.9378
669	-5
670	-4.3374
671	-4.9259
672	-5
673	-5
674	-5
675	-4.5938
676	-4.8355
677	-5
678	-4.1359
679	-2.5396
680	-3.0954
681	-3.761
682	-5
683	-4.0641
684	-4.1422
685	-4.8347
686	-4.6067
687	-4.8297
688	-5
689	-5
690	-4.9284
691	-5
692	-4.6817
693	-5
694	-4.6013
695	-5
696	-5
697	-5
698	-4.917
699	-3.2789
700	-5
701	-4.8563
702	-4.2323
703	-4.3355
704	-4.0443
705	-5
706	-5
707	-5
708	-3.8276
709	-4.1717
710	-4.9274
711	-5
712	-4.9252
713	-1.0443
714	-4.7728
715	-3.8796
716	-4.1732
717	-4.4034
718	-3.2572
719	-4.2286
720	-4.696
721	-5
722	-5
723	-4.8504
724	-4.9269
725	-4.8365
726	-4.5082
727	-4.6804
728	-4.4046
729	-3.3785
730	-4.3556
731	-5
732	-5
733	-4.9137
734	-5
735	-4.3897
736	-4.4769
737	-5
738	-4.8254
739	-4.8516
740	-5
741	-4.6775
742	-5
743	-5
744	-4.9251
745	-5
746	-4.5282
747	-5
748	-4.8448
749	-4.7477
750	-5
751	-5
752	-4.436
753	-4.3129
754	-4.0521
755	-5
756	-5
757	-4.6721
758	-4.2956
759	-5
760	-5
761	-4.0604
762	-4.3404
763	-3.6356
764	-4.926
765	-4.8317
766	-3.7596
767	-4.8562
768	-4.9127
769	-4.5278
770	-4.6832
771	-4.9218
772	-5
773	-4.5216
774	-4.2966
775	-4.6993
776	-5
777	-4.4986
778	-4.3355
779	-2.8095
780	-5
781	-4.6953
782	-4.9282
783	-4.5415
784	-4.9276
785	-4.6607
786	-4.7796
787	-5
788	-4.5217
789	-4.4516
790	-5
791	-4.7703
792	-4.0806
793	-3.4034
794	-5
795	-5
796	-5
797	-5
798	-5
799	-4.9163
800	-5
801	-5
802	-4.8449
803	-4.8524
804	-3.7019
805	-4.9271
806	-5
807	-4.2143
808	-3.4976
809	-4.4646
810	-2.7865
811	-5
812	-4.9164
813	-5
814	-5
815	-5
816	-4.7795
817	-4.8493
818	-5
819	-5
820	-5
821	-5
822	-5
823	-4.9268
824	-3.4844
825	-4.7663
826	-5
827	-4.5873
828	-3.7995
829	-4.6574
830	-5
831	-4.9274
832	-4.5434
833	-3.9164
834	-4.1997
835	-5
836	-4.8525
837	-5
838	-4.8532
839	-4.3361
840	-4.6573
841	-4.4964
842	-5
843	-4.6994
844	-5
845	-5
846	-4.6817
847	-5
848	-5
849	-5
850	-4.8477
851	-4.966
852	-5
853	-4.8365
854	-4.5477
855	-4.9178
856	-5
857	-4.84
858	-4.2656
859	-4.8442
860	-4.924
861	-4.7699
862	-5
863	-5
864	-5
865	-4.7489
866	-4.9276
867	-4.273
868	-4.5821
869	-5
870	-5
871	-4.8549
872	-5
873	-4.6732
874	-4.0107
875	-4.4469
876	-4.9234
877	-5
878	-5
879	-5
880	-5
881	-5
882	-4.2705
883	-4.584
884	-3.5712
885	-4.4092
886	-4.2167
887	-4.097
888	-2.7781
889	-3.0157
890	-5
891	-3.6948
892	-4.5941
893	-4.2159
894	-5
895	-5
896	-5
897	-5
898	-5
899	-5
900	-5
901	-5
902	-4.9255
903	-4.6934
904	-4.8398
905	-4.9178
906	-5
907	-3.8871
908	-4.3224
909	-4.6535
910	-4.7652
911	-4.7436
912	-4.8394
913	-4.851
914	-5
915	-4.7543
916	-4.9271
917	-5
918	-4.8353
919	-4.6848
920	-5
921	-5
922	-4.8507
923	-4.3301
924	-2.0361
925	-4.4318
926	-4.8433
927	-5
928	-5
929	-5
930	-5
931	-4.9211
932	-2.9851
933	-1.7074
934	-3.466
935	-3.1256
936	-4.6485
937	-4.9275
938	-3.9007
939	-3.2909
940	-4.8555
941	-3.2755
942	-4.618
943	-3.9298
944	-4.5598
945	-5
946	-4.9283
947	-4.7806
948	-4.2929
949	-4.6993
950	-3.6677
951	-4.9348
952	-4.424
953	-4.0141
954	-4.6729
955	-5
956	-4.9178
957	-4.1826
958	-4.6345
959	-4.6339
960	-4.8459
961	-4.5548
962	-4.3914
963	-4.8439
964	-4.8398
965	-5
966	-5
967	-4.632
968	-2.79
969	-2.7053
970	-5
971	-5
972	-5
973	-4.8423
974	-4.7693
975	-4.4615
976	-4.62
977	-4.8531
978	-5
979	-4.8537
980	-5
981	-4.0527
982	-1.9278
983	-3.9733
984	-4.646
985	-4.0042
986	-4.495
987	-5
988	-4.9271
989	-4.1378
990	-5
991	-4.8402
992	-4.7694
993	-4.9236
994	-4.9275
995	-5
996	-4.5812
997	-4.1359
998	-4.4374
999	-4.8503
1000	-3.7298
1001	-4.7672
1002	-3.9008
1003	-3.6853
1004	-4.216
1005	-3.2811
1006	-3.6579
1007	-4.4964
1008	-4.5259
1009	-3.8633
1010	-4.6904
1011	-4.6789
1012	-2.6565
1013	-4.3707
1014	-4.6301
1015	-5
1016	-5
1017	-5
1018	-3.2706
1019	-3.3057
1020	-5
1021	-4.9275
1022	-4.9284
1023	-5
1024	-4.4193
1025	-4.1323
1026	-4.3516
1027	-5
1028	-5
1029	-5
1030	-5
1031	-4.7709
1032	-2.4285
1033	-3.6675
1034	-4.3633
1035	-4.5276
1036	-5
1037	-5
1038	-5
1039	-5
1040	-4.9281
1041	-5
1042	-4.2043
1043	-4.769
1044	-4.6152
1045	-5
1046	-4.3201
1047	-3.869
1048	-5
1049	-5
1050	-5
1051	-4.8438
1052	-1.9873
1053	-4.3998
1054	-4.7763
1055	-4.8433
1056	-4.1008
1057	-4.9083
1058	-5
1059	-5
1060	-4.5587
1061	-3.7658
1062	-4.376
1063	-4.54
1064	-4.8545
1065	-5
1066	-5
1067	-5
1068	-5
1069	-5
1070	-5
1071	-4.3118
1072	-5
1073	-4.505
1074	-4.1457
1075	-3.9799
1076	-5
1077	-5
1078	-4.9209
1079	-4.7016
1080	-5
1081	-5
1082	-4.3621
1083	-3.7255
1084	-3.6817
1085	-5
1086	-5
1087	-5
1088	-5
1089	-5
1090	-5
1091	-5
1092	-4.7811
1093	-5
1094	-5
1095	-4.9181
1096	-4.4461
1097	-5
1098	-5
1099	-5
1100	-4.5843
1101	-3.8341
1102	-4.6107
1103	-4.8377
1104	-4.7597
1105	-5
1106	-1.7462
1107	-5
1108	-5
1109	-5
1110	-4.7716
1111	-4.6188
1112	-4.2509
1113	-5
1114	-5
1115	-5
1116	-5
1117	-4.9181
1118	-5
1119	-5
1120	-5
1121	-4.9286
1122	-5
1123	-4.3956
1124	-2.9838
1125	-4.8529
1126	-5
1127	-5
1128	-5
1129	-5
1130	-4.928
1131	-4.2805
1132	-4.9283
1133	-5
1134	-5
1135	-5
1136	-5
1137	-4.5953
1138	-5
1139	-4.6746
1140	-5
1141	-4.699
1142	-5
1143	-5
1144	-4.9008
1145	-4.1787
1146	-5
1147	-4.6205
1148	-5
1149	-5
1150	-5
1151	-4.4647
1152	-3.506
1153	-4.8147
1154	-5
1155	-5
1156	-5
1157	-4.9257
1158	-5
1159	-5
1160	-5
1161	-5
1162	-4.9148
1163	-4.1826
1164	-5
1165	-4.8077
1166	-4.4315
1167	-3.6609
1168	-4.3956
1169	-5
1170	-5
1171	-4.7666
1172	-4.3134
1173	0.15861
1174	-4.5145
1175	-4.3032
1176	-5
1177	-5
1178	-4.9279
1179	-5
1180	-4.773
1181	-4.7754
1182	-4.7059
1183	-5
1184	-5
1185	-5
1186	-5
1187	-3.006
1188	-4.6451
1189	-3.2587
1190	-5
1191	-4.4383
1192	-4.9225
1193	-4.7669
1194	-3.7383
1195	-4.8129
1196	-4.914
1197	-5
1198	-5
1199	-5
1200	-5
1201	-4.5903
1202	-4.6888
1203	-5
1204	-5
1205	-4.1035
1206	-4.9189
1207	-4.841
1208	-5
1209	-5
1210	-4.8465
1211	-4.8517
1212	-5
1213	-4.6938
1214	-5
1215	-4.7757
1216	-5
1217	-4.7736
1218	-4.9284
1219	-5
1220	-5
1221	-5
1222	-4.1801
1223	-3.3822
1224	-3.4125
1225	-5
1226	-5
1227	-5
1228	-4.7693
1229	-5
1230	-4.9278
1231	-5
1232	-4.9275
1233	-5
1234	-5
1235	-5
1236	-4.9238
1237	-4.6508
1238	-3.7114
1239	-4.5278
1240	-5
1241	-4.9268
1242	-4.0597
1243	-4.7144
1244	-4.8501
1245	-5
1246	-5
1247	-5
1248	-5
1249	-5
1250	-4.9247
1251	-4.9635
1252	-5
1253	-4.9278
1254	-5
1255	-5
1256	-4.9194
1257	-4.7698
1258	-4.8435
1259	-4.5085
1260	-4.8506
1261	-3.6737
1262	-4.7417
1263	-5
1264	-5
1265	-4.6701
1266	-4.8435
1267	-3.4332
1268	-5
1269	-5
1270	-5
1271	-4.8215
1272	-3.9383
1273	-3.1232
1274	-4.9244
1275	-5
1276	-5
1277	-5
1278	-5
1279	-5
1280	-5
1281	-5
1282	-4.9235
1283	-4.9267
1284	-5
1285	-5
1286	-5
1287	-4.3806
1288	-2.7779
1289	-4.3475
1290	-4.919
1291	-5
1292	-4.897
1293	-4.7448
1294	-4.9233
1295	-5
1296	-4.928
1297	-5
1298	-3.7711
1299	-3.8073
1300	-5
1301	-4.6155
1302	-5
1303	-5
1304	-5
1305	-5
1306	-5
1307	-4.9274
1308	-5
1309	-3.66
1310	-4.662
1311	-5
1312	-4.6192
1313	-4.85
1314	-4.9267
1315	-4.918
1316	-5
1317	-4.6852
1318	-4.5933
1319	-4.92
1320	-4.9146
1321	-3.1648
1322	-0.5941
1323	-2.3701
1324	-4.6294
1325	-5
1326	-5
1327	-4.9283
1328	-5
1329	-4.5981
1330	-5
1331	-5
1332	-5
1333	-4.3091
1334	-4.6798
1335	-4.7754
1336	-5
1337	-4.3644
1338	-4.849
1339	-3.8673
1340	-4.7676
1341	-5
1342	-4.7759
1343	-4.9256
1344	-5
1345	-5
1346	-5
1347	-4.7051
1348	-4.1858
1349	-5
1350	-5
1351	-4.5214
1352	-5
1353	-5
1354	-4.8557
1355	-5
1356	-5
1357	-4.4089
1358	-4.2966
1359	-4.5392
1360	-4.6798
1361	-4.6237
1362	-4.1487
1363	-4.8354
1364	-4.7558
1365	-5
1366	-5
1367	-5
1368	-4.3373
1369	-4.844
1370	-4.5365
1371	-3.4896
1372	0.75367
1373	-1.0103
1374	-3.9766
1375	-4.7082
1376	-4.9109
1377	-5
1378	-4.8454
1379	-4.5403
1380	-4.3025
1381	-4.6906
1382	-3.6408
1383	-2.9471
1384	-3.7969
1385	-4.582
1386	-3.8038
1387	-4.1096
1388	-3.6887
1389	-5
1390	-4.9235
1391	-4.8499
1392	-4.8515
1393	-4.766
1394	-5
1395	-4.7023
1396	-5
1397	-4.9258
1398	-4.5877
1399	-5
1400	-5
1401	-4.7581
1402	-5
1403	-4.8435
1404	-5
1405	-5
1406	-4.8472
1407	-3.5256
1408	-4.0933
1409	-5
1410	-5
1411	-4.041
1412	-4.4667
1413	-4.2977
1414	-3.236
1415	-5
1416	-5
1417	-4.3835
1418	-4.7307
1419	-4.8234
1420	-4.4038
1421	-3.6089
1422	-3.7751
1423	-4.5531
1424	-4.2239
1425	-4.9285
1426	-5
1427	-4.8549
1428	-4.852
1429	-5
1430	-3.5208
1431	-1.8001
1432	-0.50568
1433	-2.0971
1434	-4.5991
1435	-1.658
1436	-0.88012
1437	-4.0502
1438	-3.6528
1439	-4.7794
1440	-5
1441	-4.318
1442	-4.9284
1443	-5
1444	-4.2759
1445	-4.6896
1446	-5
1447	-4.853
1448	-4.8522
1449	-4.484
1450	-4.7714
1451	-4.5732
1452	-4.8518
1453	-4.4011
1454	-5
1455	-5
1456	-4.6936
1457	-3.8703
1458	-3.8623
1459	-5
1460	-4.9237
1461	-4.3409
1462	-4.4748
1463	-4.5556
1464	-4.471
1465	-5
1466	-5
1467	-4.4511
1468	-5
1469	-5
1470	-4.3623
1471	-3.551
1472	-4.6131
1473	-4.4602
1474	-4.8561
1475	-4.8463
1476	-5
1477	-2.3212
1478	-3.8095
1479	-4.8515
1480	-4.3224
1481	-4.0063
1482	-3.383
1483	-4.7639
1484	-3.9794
1485	-0.52462
1486	-0.71375
1487	-4.5842
1488	-3.8007
1489	-4.5471
1490	-4.7805
1491	-4.2785
1492	-5
1493	-4.9241
1494	-4.5071
1495	-5
1496	-5
1497	-4.1103
1498	-5
1499	-4.3567
1500	-4.538
1501	-3.5511
1502	-4.9263
1503	-5
1504	-4.9204
1505	-5
1506	-4.5327
1507	-4.9226
1508	-5
1509	-5
1510	-4.9268
1511	-5
1512	-4.2198
1513	-4.9058
1514	-5
1515	-5
1516	-5
1517	-5
1518	-5
1519	-5
1520	-5
1521	-5
1522	-4.7723
1523	-5
1524	-5
1525	-4.604
1526	-3.6927
1527	-3.7638
1528	-4.2612
1529	-4.6912
1530	-4.4635
1531	-3.99
1532	-2.6451
1533	-2.1259
1534	-4.9256
1535	-4.3705
1536	-3.6854
1537	-4.5962
1538	-3.8472
1539	-3.5762
1540	-4.6102
1541	-4.4609
1542	-4.7672
1543	-4.8409
1544	-2.7073
1545	1.3163
1546	0.34501
1547	-1.9219
1548	-5
1549	-4.6316
1550	-4.5623
1551	-4.9324
1552	-5
1553	-4.2557
1554	-2.5926
1555	-4.855
1556	-4.9234
1557	-5
1558	-4.9263
1559	-5
1560	-5
1561	-5
1562	-5
1563	-5
1564	-4.8506
1565	-5
1566	-4.7585
1567	-4.6647
1568	-4.8523
1569	-3.197
1570	-4.0082
1571	-4.9191
1572	-4.699
1573	-4.8551
1574	-4.8266
1575	-4.4551
1576	-4.9282
1577	-4.8505
1578	-4.6705
1579	-4.7832
1580	-4.528
1581	-3.9155
1582	-3.4853
1583	-3.638
1584	-4.6742
1585	-5
1586	-4.7806
1587	-4.0963
1588	-4.6143
1589	-1.3109
1590	-2.4683
1591	-3.137
1592	-5
1593	-4.3956
1594	0.17869
1595	8.8211
1596	1.1552
1597	-2.5317
1598	-4.2391
1599	-5
1600	-2.6346
1601	-4.2994
1602	-4.9216
1603	-4.4393
1604	-4.4374
1605	-4.6831
1606	-5
1607	-5
1608	-5
1609	-4.9247
1610	-4.9121
1611	-5
1612	-4.7557
1613	-5
1614	-5
1615	-5
1616	-4.2544
1617	-2.7776
1618	-5
1619	-1.688
1620	-2.0417
1621	-4.7509
1622	-5
1623	-4.2401
1624	-2.1734
1625	-3.5852
1626	-3.3265
1627	-3.6071
1628	-3.2466
1629	-4.9107
1630	-0.084502
1631	-2.3033
1632	0.045202
1633	-2.5567
1634	-0.91413
1635	-3.8945
1636	-2.8583
1637	-3.6024
1638	-2.6179
1639	-2.8392
1640	-3.1415
1641	-4.5016
1642	-4.4187
1643	-2.5427
1644	7.4377
1645	5.5583
1646	-0.93631
1647	-2.213
1648	-1.998
1649	-2.034
1650	-2.2382
1651	-3.1057
1652	-5
1653	-5
1654	-4.7355
1655	-3.9579
1656	-5
1657	-5
1658	-5
1659	-4.8519
1660	-5
1661	-5
1662	-4.9238
1663	-5
1664	-4.5946
1665	-4.9276
1666	0.28557
1667	1.2025
1668	0.50882
1669	-1.6591
1670	-1.2542
1671	-3.7691
1672	-5
1673	-4.7643
1674	-3.1757
1675	-3.2474
1676	-3.0431
1677	-3.1145
1678	-4.1126
1679	-3.8388
1680	-3.1921
1681	-2.8151
1682	-2.9968
1683	-2.254
1684	-3.5557
1685	-2.8495
1686	-3.8232
1687	-4.4246
1688	-3.9737
1689	-4.1876
1690	-2.8379
1691	-4.0329
1692	-2.7462
1693	1.1312
1694	10.8478
1695	5.2597
1696	4.0404
1697	-4.0277
1698	0.37952
1699	2.346
1700	-2.5959
1701	-3.7619
1702	-4.9207
1703	-5
1704	-5
1705	-1.8602
1706	-4.2323
1707	-4.9197
1708	-3.3344
1709	-4.6785
1710	-5
1711	-4.6173
1712	-5
1713	-4.6199
1714	-4.611
1715	-2.9668
1716	-3.3669
1717	2.1709
1718	1.7955
1719	-2.8021
1720	-1.7673
1721	-4.6122
1722	-4.7627
1723	-4.775
1724	-5
1725	-4.4508
1726	-4.8423
1727	-4.1554
1728	-3.1666
1729	-4.4612
1730	-4.5355
1731	-2.5373
1732	-0.44998
1733	-2.8636
1734	-0.82533
1735	-3.9756
1736	-2.854
1737	-2.983
1738	-4.0121
1739	-4.6555
1740	-2.7093
1741	-1.169
1742	-3.514
1743	6.3066
1744	8.2241
1745	3.5826
1746	8.6155
1747	-0.21423
1748	-0.6673
1749	0.28908
1750	-1.3678
1751	-4.2901
1752	-4.6232
1753	-4.9178
1754	-4.9104
1755	-4.5878
1756	-5
1757	-4.0074
1758	-0.47872
1759	-4.3603
1760	-5
1761	-5
1762	-4.5351
1763	-4.2748
1764	-3.7182
1765	-3.8833
1766	-1.4894
1767	1.6584
1768	0.60003
1769	-2.4458
1770	-3.8204
1771	-4.2948
1772	-4.8414
1773	-4.7839
1774	-5
1775	-4.1843
1776	-3.7992
1777	-4.3647
1778	-3.6608
1779	-4.7784
1780	-2.1409
1781	-1.5707
1782	-1.0934
1783	-0.017816
1784	-2.0491
1785	-2.311
1786	-1.4511
1787	1.9421
1788	-1.4581
1789	-2.9243
1790	-2.5958
1791	-1.8874
1792	-0.046399
1793	10.2964
1794	4.7674
1795	1.1035
1796	6.741
1797	1.7955
1798	0.57623
1799	2.1277
1800	-0.79498
1801	-4.5215
1802	-2.4892
1803	-4.5654
1804	-5
1805	-5
1806	-4.2751
1807	-1.321
1808	-0.19125
1809	-4.5074
1810	-5
1811	-4.9215
1812	-3.2186
1813	-2.0587
1814	-2.3947
1815	-1.6022
1816	-0.7109
1817	0.27613
1818	-1.8838
1819	-2.8183
1820	-4.1896
1821	-4.0746
1822	-3.673
1823	-4.5106
1824	-5
1825	-3.9811
1826	-3.4853
1827	-3.9675
1828	-3.9617
1829	-4.3544
1830	-4.1105
1831	-3.1284
1832	-3.5548
1833	-1.5863
1834	3.7286
1835	7.1308
1836	1.9923
1837	4.8176
1838	4.9554
1839	4.225
1840	-1.7071
1841	-0.65783
1842	2.5115
1843	11.5157
1844	1.7195
1845	-0.75331
1846	11.2286
1847	2.7182
1848	1.791
1849	2.8317
1850	0.58411
1851	-4.4749
1852	-4.9271
1853	-4.0176
1854	-5
1855	-5
1856	-2.4475
1857	-2.6786
1858	-3.121
1859	-4.8427
1860	-5
1861	-5
1862	-2.0921
1863	-1.9087
1864	-1.5055
1865	-0.60024
1866	-3.4329
1867	-0.91891
1868	-1.3171
1869	3.3213
1870	0.76101
1871	-3.7288
1872	-4.112
1873	-2.5663
1874	-4.6536
1875	-4.5088
1876	-4.6114
1877	-4.3152
1878	-4.3108
1879	-4.3901
1880	-4.1992
1881	0.39931
1882	-3.2798
1883	1.549
1884	14.6659
1885	4.946
1886	0.92886
1887	3.5369
1888	-0.024786
1889	0.68184
1890	-0.6585
1891	-1.405
1892	2.3495
1893	1.8744
1894	0.89655
1895	-1.5483
1896	6.596
1897	2.7978
1898	0.42539
1899	3.2017
1900	5.9592
1901	-3.8899
1902	-5
1903	-4.9268
1904	-5
1905	-4.9247
1906	-5
1907	-5
1908	-3.9685
1909	-4.9216
1910	-5
1911	-4.9286
1912	-2.1413
1913	-1.1345
1914	-0.49135
1915	0.53503
1916	-4.3174
1917	-1.9984
1918	-2.8492
1919	0.25178
1920	-3.6864
1921	-4.3175
1922	-4.7099
1923	-4.7799
1924	-4.3272
1925	-4.9284
1926	-4.3487
1927	-4.3232
1928	-3.4521
1929	-4.7047
1930	-4.5224
1931	-2.6362
1932	-3.0197
1933	-2.0853
1934	10.6617
1935	16.1844
1936	-0.07208
1937	13.9492
1938	-0.57904
1939	-2.2891
1940	-3.1847
1941	-2.1877
1942	8.3702
1943	3.8886
1944	1.6894
1945	-0.82541
1946	0.7439
1947	2.1274
1948	0.83613
1949	2.7869
1950	2.9732
1951	-4.8251
1952	-5
1953	-5
1954	-5
1955	-3.8616
1956	-4.6034
1957	-4.0647
1958	-4.7616
1959	-5
1960	-5
1961	-5
1962	-2.9041
1963	-1.0387
1964	-0.30573
1965	-2.3214
1966	-0.88125
1967	0.32722
1968	-0.85471
1969	-1.817
1970	-2.4045
1971	-2.9788
1972	-3.3715
1973	-2.5852
1974	-3.2356
1975	-3.6061
1976	-4.3084
1977	-4.4533
1978	-4.6953
1979	-4.016
1980	-4.7801
1981	-0.47708
1982	-2.4299
1983	-4.5132
1984	1.8066
1985	23.7555
1986	9.6883
1987	18.7763
1988	0.075607
1989	-3.346
1990	-2.8157
1991	0.67111
1992	17.0913
1993	3.3037
1994	3.344
1995	1.9625
1996	3.1385
1997	3.4707
1998	-0.64674
1999	5.207
2000	-2.2372
2001	-4.0317
2002	-4.9272
2003	-5
2004	-5
2005	-1.0386
2006	-3.3814
2007	-4.5579
2008	-3.5515
2009	-4.5551
2010	-5
2011	-4.7659
2012	-2.9348
2013	-1.1555
2014	-1.0867
2015	-3.6944
2016	-3.1899
2017	-0.64679
2018	-0.68652
2019	-0.26678
2020	-3.0978
2021	-4.6996
2022	-4.3606
2023	-2.1579
2024	-3.121
2025	-5
2026	-4.9276
2027	-5
2028	-4.9227
2029	-5
2030	-4.1767
2031	-1.5276
2032	-1.3241
2033	2.2343
2034	-2.8759
2035	9.0396
2036	18.2775
2037	18.8033
2038	4.0388
2039	0.43725
2040	0.21876
2041	3.1508
2042	20.8661
2043	2.3677
2044	1.968
2045	11.7287
2046	5.318
2047	3.8717
2048	-1.4393
2049	5.6985
2050	-1.3116
2051	-4.9297
2052	-4.9282
2053	-5
2054	-4.77
2055	-2.9849
2056	-3.523
2057	-4.7836
2058	-4.4839
2059	-4.8431
2060	-5
2061	-4.7744
2062	-2.6359
2063	-0.26647
2064	-2.2056
2065	-0.63405
2066	-1.128
2067	0.92035
2068	-2.2087
2069	-3.7712
2070	-3.3534
2071	-4.8549
2072	-4.8526
2073	-1.9668
2074	-4.9274
2075	-4.6977
2076	-4.4018
2077	-3.4192
2078	-3.4019
2079	-1.7974
2080	-0.80524
2081	-2.5792
2082	-1.2366
2083	-1.8829
2084	-0.57599
2085	3.5835
2086	19.6654
2087	11.3204
2088	16.1318
2089	-2.6478
2090	-4.4348
2091	-0.85289
2092	10.8448
2093	-0.15312
2094	3.9336
2095	12.1748
2096	6.6268
2097	2.1609
2098	-1.7457
2099	3.3249
2100	-4.8501
2101	-3.6606
2102	-3.1999
2103	-4.7596
2104	-3.7389
2105	-3.8754
2106	-4.1577
2107	-4.6317
2108	-4.3926
2109	-4.7622
2110	-3.9208
2111	-4.7578
2112	-3.4852
2113	-3.6482
2114	-1.1827
2115	-1.2392
2116	-1.6674
2117	-2.157
2118	-2.3563
2119	-4.3166
2120	-1.8694
2121	-4.3898
2122	-5
2123	-4.0728
2124	-4.3003
2125	-4.3715
2126	-3.8342
2127	-3.9135
2128	-4.5987
2129	-1.5028
2130	-4.6874
2131	-3.4977
2132	-1.4128
2133	-4.446
2134	-3.4173
2135	-0.22103
2136	17.4619
2137	7.0866
2138	18.4694
2139	0.37166
2140	-0.75187
2141	-1.3876
2142	10.082
2143	5.4129
2144	5.8563
2145	9.6138
2146	5.8449
2147	-1.8343
2148	0.85775
2149	0.76236
2150	-2.5782
2151	-3.127
2152	-2.7638
2153	-4.9155
2154	-1.281
2155	-3.3624
2156	-3.8489
2157	-4.5018
2158	-2.3311
2159	-4.8361
2160	-5
2161	-4.4442
2162	-4.4625
2163	-3.348
2164	-1.9143
2165	-0.048206
2166	-0.82393
2167	-0.2725
2168	-3.7229
2169	-3.0741
2170	-2.8078
2171	-4.9165
2172	-4.1725
2173	-4.6703
2174	-4.0063
2175	-4.2756
2176	-2.3337
2177	-3.4648
2178	-4.6704
2179	-0.99765
2180	-2.9528
2181	-2.583
2182	-2.5585
2183	-4.6553
2184	-3.8215
2185	-3.0269
2186	8.3711
2187	14.0529
2188	16.0092
2189	3.2454
2190	-3.5875
2191	1.5286
2192	12.039
2193	4.0389
2194	5.9886
2195	5.6503
2196	2.8159
2197	-0.27166
2198	3.5369
2199	-1.8002
2200	-2.4705
2201	-3.2214
2202	-3.8377
2203	-3.6534
2204	-2.6688
2205	-1.3665
2206	-3.9961
2207	-5
2208	-4.5712
2209	-4.4054
2210	-4.0039
2211	-4.9104
2212	-4.0264
2213	-2.9662
2214	-4.0091
2215	-3.8522
2216	-3.0203
2217	-2.6981
2218	-1.5416
2219	-3.4928
2220	-5
2221	-3.9348
2222	-4.2443
2223	-3.2408
2224	-3.4404
2225	-2.7008
2226	-4.1066
2227	-3.631
2228	-4.778
2229	-4.6348
2230	-4.1143
2231	-3.3481
2232	-2.8449
2233	-2.8323
2234	-0.19266
2235	1.3487
2236	3.3203
2237	7.4622
2238	4.9056
2239	6.4584
2240	-2.648
2241	7.1632
2242	9.2458
2243	0.03857
2244	5.6869
2245	1.7393
2246	1.3903
2247	0.04464
2248	5.4002
2249	-3.8808
2250	-3.9511
2251	-2.8244
2252	-3.9584
2253	-4.2467
2254	-1.8742
2255	-1.5178
2256	-3.8895
2257	-5
2258	-4.6278
2259	-3.9887
2260	-2.526
2261	-4.7561
2262	-3.4603
2263	-5
2264	-5
2265	-5
2266	-1.0996
2267	0.085735
2268	-2.4917
2269	-4.2223
2270	-5
2271	-3.7559
2272	-2.7403
2273	-4.215
2274	-3.9213
2275	-3.8946
2276	-4.305
2277	-4.0281
2278	-5
2279	-4.7722
2280	-4.5092
2281	-4.5307
2282	-3.5383
2283	-0.068377
2284	2.0917
2285	2.3287
2286	0.50174
2287	-2.1008
2288	-2.0173
2289	-2.1538
2290	-1.08
2291	0.96847
2292	1.7721
2293	-0.33393
2294	2.2727
2295	1.0059
2296	1.797
2297	4.4756
2298	3.2171
2299	-4.6294
2300	-2.4566
2301	-4.7567
2302	-4.443
2303	-3.5758
2304	-0.80397
2305	-1.8019
2306	-2.984
2307	-4.3321
2308	-5
2309	-4.8367
2310	-4.2221
2311	-3.7861
2312	-3.735
2313	-4.2069
2314	-5
2315	-2.7234
2316	0.0058404
2317	-3.5474
2318	-4.7786
2319	-5
2320	-4.2818
2321	-3.761
2322	-2.7606
2323	-4.2724
2324	-4.2292
2325	-4.7022
2326	-4.3669
2327	-4.6323
2328	-3.9714
2329	-3.1962
2330	-1.7483
2331	0.71072
2332	0.50431
2333	0.5881
2334	5.5196
2335	-1.268
2336	2.6227
2337	2.4618
2338	-3.7272
2339	0.60627
2340	4.501
2341	2.3556
2342	-0.52919
2343	0.29226
2344	-0.50382
2345	1.5526
2346	1.4308
2347	8.8204
2348	-1.7601
2349	-2.421
2350	-3.4006
2351	-3.5439
2352	-4.3892
2353	-4.4978
2354	-0.28377
2355	0.053885
2356	-1.6833
2357	-3.0944
2358	-3.8518
2359	-5
2360	-4.8503
2361	-4.6193
2362	-5
2363	1.0799
2364	-4.2574
2365	-3.0462
2366	-2.3049
2367	-4.0534
2368	-5
2369	-4.2347
2370	-3.0589
2371	-2.5884
2372	-2.4224
2373	-3.5296
2374	-4.1298
2375	-4.5121
2376	-4.1349
2377	-4.7516
2378	-3.1509
2379	1.0823
2380	-1.0367
2381	4.5479
2382	0.87909
2383	-0.78365
2384	0.97576
2385	-2.9068
2386	3.531
2387	0.95997
2388	-0.35951
2389	2.3725
2390	2.0812
2391	0.81093
2392	-1.137
2393	-0.70834
2394	-2.0969
2395	1.8512
2396	1.3327
2397	7.9085
2398	-0.048245
2399	-1.2147
2400	-4.2736
2401	-2.5925
2402	-3.7935
2403	-4.8471
2404	-3.1517
2405	-0.99549
2406	1.2488
2407	-4.3574
2408	-4.8444
2409	-4.8475
2410	-4.7786
2411	-4.9222
2412	-3.6253
2413	-1.0893
2414	-4.776
2415	-4.0905
2416	-4.6911
2417	-2.4119
2418	-5
2419	-3.3935
2420	-4.4445
2421	-1.8266
2422	-3.6512
2423	-3.7298
2424	-3.9734
2425	-4.6186
2426	-4.3011
2427	-3.8112
2428	-4.3895
2429	-3.9518
2430	2.1337
2431	4.1226
2432	1.0012
2433	1.0743
2434	-0.73686
2435	-0.3396
2436	6.6147
2437	11.0698
2438	5.579
2439	2.7048
2440	1.2592
2441	-2.3683
2442	-3.656
2443	0.8873
2444	3.2855
2445	4.2956
2446	4.9894
2447	14.8024
2448	-1.7239
2449	-4.766
2450	-3.4419
2451	-3.3384
2452	-2.9943
2453	-3.6097
2454	-1.6624
2455	-1.6613
2456	-2.934
2457	-2.7638
2458	-4.5658
2459	-3.4669
2460	-4.1939
2461	-4.167
2462	-3.7906
2463	-4.4352
2464	-4.35
2465	-4.2128
2466	-4.5686
2467	-4.6871
2468	-4.5926
2469	-4.5417
2470	-4.5598
2471	-4.6161
2472	-4.3401
2473	-3.6471
2474	-3.4141
2475	-3.4703
2476	-3.7664
2477	-3.6598
2478	-1.7063
2479	-0.81237
2480	-0.012536
2481	2.4493
2482	0.95373
2483	-0.085706
2484	1.919
2485	1.5503
2486	6.1433
2487	8.7054
2488	11.0421
2489	11.622
2490	13.7722
2491	4.4628
2492	3.6449
2493	4.3176
2494	4.7691
2495	5.6704
2496	21.563
2497	16.927
2498	-2.7402
2499	-2.8638
2500	-2.5563
2501	-2.8615
1	2
2	3
2	52
3	4
3	53
4	5
4	54
5	6
5	55
6	7
6	56
7	8
7	57
8	9
8	58
9	10
9	59
10	11
10	60
11	12
11	61
12	13
12	62
13	14
13	63
14	15
14	64
15	16
15	65
16	17
16	66
17	18
17	67
18	19
18	68
19	20
19	69
20	21
20	70
21	22
21	71
22	23
22	72
23	24
23	73
24	25
24	74
25	26
25	75
26	27
26	76
27	28
27	77
28	29
28	78
29	30
29	79
30	31
30	80
31	32
31	81
32	33
32	82
33	34
33	83
34	35
34	84
35	36
35	85
36	37
36	86
37	38
37	87
38	39
38	88
39	40
39	89
40	41
40	90
41	42
41	91
42	43
42	92
43	44
43	93
44	45
44	94
45	46
45	95
46	47
46	96
47	48
47	97
48	49
48	98
49	50
49	99
50	51
50	100
51	101
52	53
52	102
53	54
53	103
54	55
54	104
55	56
55	105
56	57
56	106
57	58
57	107
58	59
58	108
59	60
59	109
60	61
60	110
61	62
61	111
62	63
62	112
63	64
63	113
64	65
64	114
65	66
65	115
66	67
66	116
67	68
67	117
68	69
68	118
69	70
69	119
70	71
70	120
71	72
71	121
72	73
72	122
73	74
73	123
74	75
74	124
75	76
75	125
76	77
76	126
77	78
77	127
78	79
78	128
79	80
79	129
80	81
80	130
81	82
81	131
82	83
82	132
83	84
83	133
84	85
84	134
85	86
85	135
86	87
86	136
87	88
87	137
88	89
88	138
89	90
89	139
90	91
90	140
91	92
91	141
92	93
92	142
93	94
93	143
94	95
94	144
95	96
95	145
96	97
96	146
97	98
97	147
98	99
98	148
99	100
99	149
100	101
100	150
101	151
102	103
102	152
103	104
103	153
104	105
104	154
105	106
105	155
106	107
106	156
107	108
107	157
108	109
108	158
109	110
109	159
110	111
110	160
111	112
111	161
112	113
112	162
113	114
113	163
114	115
114	164
115	116
115	165
116	117
116	166
117	118
117	167
118	119
118	168
119	120
119	169
120	121
120	170
121	122
121	171
122	123
122	172
123	124
123	173
124	125
124	174
125	126
125	175
126	127
126	176
127	128
127	177
128	129
128	178
129	130
129	179
130	131
130	180
131	132
131	181
132	133
132	182
133	134
133	183
134	135
134	184
135	136
135	185
136	137
136	186
137	138
137	187
138	139
138	188
139	140
139	189
140	141
140	190
141	142
141	191
142	143
142	192
143	144
143	193
144	145
144	194
145	146
145	195
146	147
146	196
147	148
147	197
148	149
148	198
149	150
149	199
150	151
150	200
151	201
152	153
152	202
153	154
153	203
154	155
154	204
155	156
155	205
156	157
156	206
157	158
157	207
158	159
158	208
159	160
159	209
160	161
160	210
161	162
161	211
162	163
162	212
163	164
163	213
164	165
164	214
165	166
165	215
166	167
166	216
167	168
167	217
168	169
168	218
169	170
169	219
170	171
170	220
171	172
171	221
172	173
172	222
173	174
173	223
174	175
174	224
175	176
175	225
176	177
176	226
177	178
177	227
178	179
178	228
179	180
179	229
180	181
180	230
181	182
181	231
182	183
182	232
183	184
183	233
184	185
184	234
185	186
185	235
186	187
186	236
187	188
187	237
188	189
188	238
189	190
189	239
190	191
190	240
191	192
191	241
192	193
192	242
193	194
193	243
194	195
194	244
195	196
195	245
196	197
196	246
197	198
197	247
198	199
198	248
199	200
199	249
200	201
200	250
201	251
202	203
202	252
203	204
203	253
204	205
204	254
205	206
205	255
206	207
206	256
207	208
207	257
208	209
208	258
209	210
209	259
210	211
210	260
211	212
211	261
212	213
212	262
213	214
213	263
214	215
214	264
215	216
215	265
216	217
216	266
217	218
217	267
218	219
218	268
219	220
219	269
220	221
220	270
221	222
221	271
222	223
222	272
223	224
223	273
224	225
224	274
225	226
225	275
226	227
226	276
227	228
227	277
228	229
228	278
229	230
229	279
230	231
230	280
231	232
231	281
232	233
232	282
233	234
233	283
234	235
234	284
235	236
235	285
236	237
236	286
237	238
237	287
238	239
238	288
239	240
239	289
240	241
240	290
241	242
241	291
242	243
242	292
243	244
243	293
244	245
244	294
245	246
245	295
246	247
246	296
247	248
247	297
248	249
248	298
249	250
249	299
250	251
250	300
251	301
252	253
252	302
253	254
253	303
254	255
254	304
255	256
255	305
256	257
256	306
257	258
257	307
258	259
258	308
259	260
259	309
260	261
260	310
261	262
261	311
262	263
262	312
263	264
263	313
264	265
264	314
265	266
265	315
266	267
266	316
267	268
267	317
268	269
268	318
269	270
269	319
270	271
270	320
271	272
271	321
272	273
272	322
273	274
273	323
274	275
274	324
275	276
275	325
276	277
276	326
277	278
277	327
278	279
278	328
279	280
279	329
280	281
280	330
281	282
281	331
282	283
282	332
283	284
283	333
284	285
284	334
285	286
285	335
286	287
286	336
287	288
287	337
288	289
288	338
289	290
289	339
290	291
290	340
291	292
291	341
292	293
292	342
293	294
293	343
294	295
294	344
295	296
295	345
296	297
296	346
297	298
297	347
298	299
298	348
299	300
299	349
300	301
300	350
301	351
302	303
302	352
303	304
303	353
304	305
304	354
305	306
305	355
306	307
306	356
307	308
307	357
308	309
308	358
309	310
309	359
310	311
310	360
311	312
311	361
312	313
312	362
313	314
313	363
314	315
314	364
315	316
315	365
316	317
316	366
317	318
317	367
318	319
318	368
319	320
319	369
320	321
320	370
321	322
321	371
322	323
322	372
323	324
323	373
324	325
324	374
325	326
325	375
326	327
326	376
327	328
327	377
328	329
328	378
329	330
329	379
330	331
330	380
331	332
331	381
332	333
332	382
333	334
333	383
334	335
334	384
335	336
335	385
336	337
336	386
337	338
337	387
338	339
338	388
339	340
339	389
340	341
340	390
341	342
341	391
342	343
342	392
343	344
343	393
344	345
344	394
345	346
345	395
346	347
346	396
347	348
347	397
348	349
348	398
349	350
349	399
350	351
350	400
351	401
352	353
352	402
353	354
353	403
354	355
354	404
355	356
355	405
356	357
356	406
357	358
357	407
358	359
358	408
359	360
359	409
360	361
360	410
361	362
361	411
362	363
362	412
363	364
363	413
364	365
364	414
365	366
365	415
366	367
366	416
367	368
367	417
368	369
368	418
369	370
369	419
370	371
370	420
371	372
371	421
372	373
372	422
373	374
373	423
374	375
374	424
375	376
375	425
376	377
376	426
377	378
377	427
378	379
378	428
379	380
379	429
380	381
380	430
381	382
381	431
382	383
382	432
383	384
383	433
384	385
384	434
385	386
385	435
386	387
386	436
387	388
387	437
388	389
388	438
389	390
389	439
390	391
390	440
391	392
391	441
392	393
392	442
393	394
393	443
394	395
394	444
395	396
395	445
396	397
396	446
397	398
397	447
398	399
398	448
399	400
399	449
400	401
400	450
401	451
402	403
402	452
403	404
403	453
404	405
404	454
405	406
405	455
406	407
406	456
407	408
407	457
408	409
408	458
409	410
409	459
410	411
410	460
411	412
411	461
412	413
412	462
413	414
413	463
414	415
414	464
415	416
415	465
416	417
416	466
417	418
417	467
418	419
418	468
419	420
419	469
420	421
420	470
421	422
421	471
422	423
422	472
423	424
423	473
424	425
424	474
425	426
425	475
426	427
426	476
427	428
427	477
428	429
428	478
429	430
429	479
430	431
430	480
431	432
431	481
432	433
432	482
433	434
433	483
434	435
434	484
435	436
435	485
436	437
436	486
437	438
437	487
438	439
438	488
439	440
439	489
440	441
440	490
441	442
441	491
442	443
442	492
443	444
443	493
444	445
444	494
445	446
445	495
446	447
446	496
447	448
447	497
448	449
448	498
449	450
449	499
450	451
450	500
451	501
452	453
452	502
453	454
453	503
454	455
454	504
455	456
455	505
456	457
456	506
457	458
457	507
458	459
458	508
459	460
459	509
460	461
460	510
461	462
461	511
462	463
462	512
463	464
463	513
464	465
464	514
465	466
465	515
466	467
466	516
467	468
467	517
468	469
468	518
469	470
469	519
470	471
470	520
471	472
471	521
472	473
472	522
473	474
473	523
474	475
474	524
475	476
475	525
476	477
476	526
477	478
477	527
478	479
478	528
479	480
479	529
480	481
480	530
481	482
481	531
482	483
482	532
483	484
483	533
484	485
484	534
485	486
485	535
486	487
486	536
487	488
487	537
488	489
488	538
489	490
489	539
490	491
490	540
491	492
491	541
492	493
492	542
493	494
493	543
494	495
494	544
495	496
495	545
496	497
496	546
497	498
497	547
498	499
498	548
499	500
499	549
500	501
500	550
501	551
502	503
502	552
503	504
503	553
504	505
504	554
505	506
505	555
506	507
506	556
507	508
507	557
508	509
508	558
509	510
509	559
510	511
510	560
511	512
511	561
512	513
512	562
513	514
513	563
514	515
514	564
515	516
515	565
516	517
516	566
517	518
517	567
518	519
518	568
519	520
519	569
520	521
520	570
521	522
521	571
522	523
522	572
523	524
523	573
524	525
524	574
525	526
525	575
526	527
526	576
527	528
527	577
528	529
528	578
529	530
529	579
530	531
530	580
531	532
531	581
532	533
532	582
533	534
533	583
534	535
534	584
535	536
535	585
536	537
536	586
537	538
537	587
538	539
538	588
539	540
539	589
540	541
540	590
541	542
541	591
542	543
542	592
543	544
543	593
544	545
544	594
545	546
545	595
546	547
546	596
547	548
547	597
548	549
548	598
549	550
549	599
550	551
550	600
551	601
552	553
552	602
553	554
553	603
554	555
554	604
555	556
555	605
556	557
556	606
557	558
557	607
558	559
558	608
559	560
559	609
560	561
560	610
561	562
561	611
562	563
562	612
563	564
563	613
564	565
564	614
565	566
565	615
566	567
566	616
567	568
567	617
568	569
568	618
569	570
569	619
570	571
570	620
571	572
571	621
572	573
572	622
573	574
573	623
574	575
574	624
575	576
575	625
576	577
576	626
577	578
577	627
578	579
578	628
579	580
579	629
580	581
580	630
581	582
581	631
582	583
582	632
583	584
583	633
584	585
584	634
585	586
585	635
586	587
586	636
587	588
587	637
588	589
588	638
589	590
589	639
590	591
590	640
591	592
591	641
592	593
592	642
593	594
593	643
594	595
594	644
595	596
595	645
596	597
596	646
597	598
597	647
598	599
598	648
599	600
599	649
600	601
600	650
601	651
602	603
602	652
603	604
603	653
604	605
604	654
605	606
605	655
606	607
606	656
607	608
607	657
608	609
608	658
609	610
609	659
610	611
610	660
611	612
611	661
612	613
612	662
613	614
613	663
614	615
614	664
615	616
615	665
616	617
616	666
617	618
617	667
618	619
618	668
619	620
619	669
620	621
620	670
621	622
621	671
622	623
622	672
623	624
623	673
624	625
624	674
625	626
625	675
626	627
626	676
627	628
627	677
628	629
628	678
629	630
629	679
630	631
630	680
631	632
631	681
632	633
632	682
633	634
633	683
634	635
634	684
635	636
635	685
636	637
636	686
637	638
637	687
638	639
638	688
639	640
639	689
640	641
640	690
641	642
641	691
642	643
642	692
643	644
643	693
644	645
644	694
645	646
645	695
646	647
646	696
647	648
647	697
648	649
648	698
649	650
649	699
650	651
650	700
651	701
652	653
652	702
653	654
653	703
654	655
654	704
655	656
655	705
656	657
656	706
657	658
657	707
658	659
658	708
659	660
659	709
660	661
660	710
661	662
661	711
662	663
662	712
663	664
663	713
664	665
664	714
665	666
665	715
666	667
666	716
667	668
667	717
668	669
668	718
669	670
669	719
670	671
670	720
671	672
671	721
672	673
672	722
673	674
673	723
674	675
674	724
675	676
675	725
676	677
676	726
677	678
677	727
678	679
678	728
679	680
679	729
680	681
680	730
681	682
681	731
682	683
682	732
683	684
683	733
684	685
684	734
685	686
685	735
686	687
686	736
687	688
687	737
688	689
688	738
689	690
689	739
690	691
690	740
691	692
691	741
692	693
692	742
693	694
693	743
694	695
694	744
695	696
695	745
696	697
696	746
697	698
697	747
698	699
698	748
699	700
699	749
700	701
700	750
701	751
702	703
702	752
703	704
703	753
704	705
704	754
705	706
705	755
706	707
706	756
707	708
707	757
708	709
708	758
709	710
709	759
710	711
710	760
711	712
711	761
712	713
712	762
713	714
713	763
714	715
714	764
715	716
715	765
716	717
716	766
717	718
717	767
718	719
718	768
719	720
719	769
720	721
720	770
721	722
721	771
722	723
722	772
723	724
723	773
724	725
724	774
725	726
725	775
726	727
726	776
727	728
727	777
728	729
728	778
729	730
729	779
730	731
730	780
731	732
731	781
732	733
732	782
733	734
733	783
734	735
734	784
735	736
735	785
736	737
736	786
737	738
737	787
738	739
738	788
739	740
739	789
740	741
740	790
741	742
741	791
742	743
742	792
743	744
743	793
744	745
744	794
745	746
745	795
746	747
746	796
747	748
747	797
748	749
748	798
749	750
749	799
750	751
750	800
751	801
752	753
752	802
753	754
753	803
754	755
754	804
755	756
755	805
756	757
756	806
757	758
757	807
758	759
758	808
759	760
759	809
760	761
760	810
761	762
761	811
762	763
762	812
763	764
763	813
764	765
764	814
765	766
765	815
766	767
766	816
767	768
767	817
768	769
768	818
769	770
769	819
770	771
770	820
771	772
771	821
772	773
772	822
773	774
773	823
774	775
774	824
775	776
775	825
776	777
776	826
777	778
777	827
778	779
778	828
779	780
779	829
780	781
780	830
781	782
781	831
782	783
782	832
783	784
783	833
784	785
784	834
785	786
785	835
786	787
786	836
787	788
787	837
788	789
788	838
789	790
789	839
790	791
790	840
791	792
791	841
792	793
792	842
793	794
793	843
794	795
794	844
795	796
795	845
796	797
796	846
797	798
797	847
798	799
798	848
799	800
799	849
800	801
800	850
801	851
802	803
802	852
803	804
803	853
804	805
804	854
805	806
805	855
806	807
806	856
807	808
807	857
808	809
808	858
809	810
809	859
810	811
810	860
811	812
811	861
812	813
812	862
813	814
813	863
814	815
814	864
815	816
815	865
816	817
816	866
817	818
817	867
818	819
818	868
819	820
819	869
820	821
820	870
821	822
821	871
822	823
822	872
823	824
823	873
824	825
824	874
825	826
825	875
826	827
826	876
827	828
827	877
828	829
828	878
829	830
829	879
830	831
830	880
831	832
831	881
832	833
832	882
833	834
833	883
834	835
834	884
835	836
835	885
836	837
836	886
837	838
837	887
838	839
838	888
839	840
839	889
840	841
840	890
841	842
841	891
842	843
842	892
843	844
843	893
844	845
844	894
845	846
845	895
846	847
846	896
847	848
847	897
848	849
848	898
849	850
849	899
850	851
850	900
851	901
852	853
852	902
853	854
853	903
854	855
854	904
855	856
855	905
856	857
856	906
857	858
857	907
858	859
858	908
859	860
859	909
860	861
860	910
861	862
861	911
862	863
862	912
863	864
863	913
864	865
864	914
865	866
865	915
866	867
866	916
867	868
867	917
868	869
868	918
869	870
869	919
870	871
870	920
871	872
871	921
872	873
872	922
873	874
873	923
874	875
874	924
875	876
875	925
876	877
876	926
877	878
877	927
878	879
878	928
879	880
879	929
880	881
880	930
881	882
881	931
882	883
882	932
883	884
883	933
884	885
884	934
885	886
885	935
886	887
886	936
887	888
887	937
888	889
888	938
889	890
889	939
890	891
890	940
891	892
891	941
892	893
892	942
893	894
893	943
894	895
894	944
895	896
895	945
896	897
896	946
897	898
897	947
898	899
898	948
899	900
899	949
900	901
900	950
901	951
902	903
902	952
903	904
903	953
904	905
904	954
905	906
905	955
906	907
906	956
907	908
907	957
908	909
908	958
909	910
909	959
910	911
910	960
911	912
911	961
912	913
912	962
913	914
913	963
914	915
914	964
915	916
915	965
916	917
916	966
917	918
917	967
918	919
918	968
919	920
919	969
920	921
920	970
921	922
921	971
922	923
922	972
923	924
923	973
924	925
924	974
925	926
925	975
926	927
926	976
927	928
927	977
928	929
928	978
929	930
929	979
930	931
930	980
931	932
931	981
932	933
932	982
933	934
933	983
934	935
934	984
935	936
935	985
936	937
936	986
937	938
937	987
938	939
938	988
939	940
939	989
940	941
940	990
941	942
941	991
942	943
942	992
943	944
943	993
944	945
944	994
945	946
945	995
946	947
946	996
947	948
947	997
948	949
948	998
949	950
949	999
950	951
950	1000
951	1001
952	953
952	1002
953	954
953	1003
954	955
954	1004
955	956
955	1005
956	957
956	1006
957	958
957	1007
958	959
958	1008
959	960
959	1009
960	961
960	1010
961	962
961	1011
962	963
962	1012
963	964
963	1013
964	965
964	1014
965	966
965	1015
966	967
966	1016
967	968
967	1017
968	969
968	1018
969	970
969	1019
970	971
970	1020
971	972
971	1021
972	973
972	1022
973	974
973	1023
974	975
974	1024
975	976
975	1025
976	977
976	1026
977	978
977	1027
978	979
978	1028
979	980
979	1029
980	981
980	1030
981	982
981	1031
982	983
982	1032
983	984
983	1033
984	985
984	1034
985	986
985	1035
986	987
986	1036
987	988
987	1037
988	989
988	1038
989	990
989	1039
990	991
990	1040
991	992
991	1041
992	993
992	1042
993	994
993	1043
994	995
994	1044
995	996
995	1045
996	997
996	1046
997	998
997	1047
998	999
998	1048
999	1000
999	1049
1000	1001
1000	1050
1001	1051
1002	1003
1002	1052
1003	1004
1003	1053
1004	1005
1004	1054
1005	1006
1005	1055
1006	1007
1006	1056
1007	1008
1007	1057
1008	1009
1008	1058
1009	1010
1009	1059
1010	1011
1010	1060
1011	1012
1011	1061
1012	1013
1012	1062
1013	1014
1013	1063
1014	1015
1014	1064
1015	1016
1015	1065
1016	1017
1016	1066
1017	1018
1017	1067
1018	1019
1018	1068
1019	1020
1019	1069
1020	1021
1020	1070
1021	1022
1021	1071
1022	1023
1022	1072
1023	1024
1023	1073
1024	1025
1024	1074
1025	1026
1025	1075
1026	1027
1026	1076
1027	1028
1027	1077
1028	1029
1028	1078
1029	1030
1029	1079
1030	1031
1030	1080
1031	1032
1031	1081
1032	1033
1032	1082
1033	1034
1033	1083
1034	1035
1034	1084
1035	1036
1035	1085
1036	1037
1036	1086
1037	1038
1037	1087
1038	1039
1038	1088
1039	1040
1039	1089
1040	1041
1040	1090
1041	1042
1041	1091
1042	1043
1042	1092
1043	1044
1043	1093
1044	1045
1044	1094
1045	1046
1045	1095
1046	1047
1046	1096
1047	1048
1047	1097
1048	1049
1048	1098
1049	1050
1049	1099
1050	1051
1050	1100
1051	1101
1052	1053
1052	1102
1053	1054
1053	1103
1054	1055
1054	1104
1055	1056
1055	1105
1056	1057
1056	1106
1057	1058
1057	1107
1058	1059
1058	1108
1059	1060
1059	1109
1060	1061
1060	1110
1061	1062
1061	1111
1062	1063
1062	1112
1063	1064
1063	1113
1064	1065
1064	1114
1065	1066
1065	1115
1066	1067
1066	1116
1067	1068
1067	1117
1068	1069
1068	1118
1069	1070
1069	1119
1070	1071
1070	1120
1071	1072
1071	1121
1072	1073
1072	1122
1073	1074
1073	1123
1074	1075
1074	1124
1075	1076
1075	1125
1076	1077
1076	1126
1077	1078
1077	1127
1078	1079
1078	1128
1079	1080
1079	1129
1080	1081
1080	1130
1081	1082
1081	1131
1082	1083
1082	1132
1083	1084
1083	1133
1084	1085
1084	1134
1085	1086
1085	1135
1086	1087
1086	1136
1087	1088
1087	1137
1088	1089
1088	1138
1089	1090
1089	1139
1090	1091
1090	1140
1091	1092
1091	1141
1092	1093
1092	1142
1093	1094
1093	1143
1094	1095
1094	1144
1095	1096
1095	1145
1096	1097
1096	1146
1097	1098
1097	1147
1098	1099
1098	1148
1099	1100
1099	1149
1100	1101
1100	1150
1101	1151
1102	1103
1102	1152
1103	1104
1103	1153
1104	1105
1104	1154
1105	1106
1105	1155
1106	1107
1106	1156
1107	1108
1107	1157
1108	1109
1108	1158
1109	1110
1109	1159
1110	1111
1110	1160
1111	1112
1111	1161
1112	1113
1112	1162
1113	1114
1113	1163
1114	1115
1114	1164
1115	1116
1115	1165
1116	1117
1116	1166
1117	1118
1117	1167
1118	1119
1118	1168
1119	1120
1119	1169
1120	1121
1120	1170
1121	1122
1121	1171
1122	1123
1122	1172
1123	1124
1123	1173
1124	1125
1124	1174
1125	1126
1125	1175
1126	1127
1126	1176
1127	1128
1127	1177
1128	1129
1128	1178
1129	1130
1129	1179
1130	1131
1130	1180
1131	1132
1131	1181
1132	1133
1132	1182
1133	1134
1133	1183
1134	1135
1134	1184
1135	1136
1135	1185
1136	1137
1136	1186
1137	1138
1137	1187
1138	1139
1138	1188
1139	1140
1139	1189
1140	1141
1140	1190
1141	1142
1141	1191
1142	1143
1142	1192
1143	1144
1143	1193
1144	1145
1144	1194
1145	1146
1145	1195
1146	1147
1146	1196
1147	1148
1147	1197
1148	1149
1148	1198
1149	1150
1149	1199
1150	1151
1150	1200
1151	1201
1152	1153
1152	1202
1153	1154
1153	1203
1154	1155
1154	1204
1155	1156
1155	1205
1156	1157
1156	1206
1157	1158
1157	1207
1158	1159
1158	1208
1159	1160
1159	1209
1160	1161
1160	1210
1161	1162
1161	1211
1162	1163
1162	1212
1163	1164
1163	1213
1164	1165
1164	1214
1165	1166
1165	1215
1166	1167
1166	1216
1167	1168
1167	1217
1168	1169
1168	1218
1169	1170
1169	1219
1170	1171
1170	1220
1171	1172
1171	1221
1172	1173
1172	1222
1173	1174
1173	1223
1174	1175
1174	1224
1175	1176
1175	1225
1176	1177
1176	1226
1177	1178
1177	1227
1178	1179
1178	1228
1179	1180
1179	1229
1180	1181
1180	1230
1181	1182
1181	1231
1182	1183
1182	1232
1183	1184
1183	1233
1184	1185
1184	1234
1185	1186
1185	1235
1186	1187
1186	1236
1187	1188
1187	1237
1188	1189
1188	1238
1189	1190
1189	1239
1190	1191
1190	1240
1191	1192
1191	1241
1192	1193
1192	1242
1193	1194
1193	1243
1194	1195
1194	1244
1195	1196
1195	1245
1196	1197
1196	1246
1197	1198
1197	1247
1198	1199
1198	1248
1199	1200
1199	1249
1200	1201
1200	1250
1201	1251
1202	1203
1202	1252
1203	1204
1203	1253
1204	1205
1204	1254
1205	1206
1205	1255
1206	1207
1206	1256
1207	1208
1207	1257
1208	1209
1208	1258
1209	1210
1209	1259
1210	1211
1210	1260
1211	1212
1211	1261
1212	1213
1212	1262
1213	1214
1213	1263
1214	1215
1214	1264
1215	1216
1215	1265
1216	1217
1216	1266
1217	1218
1217	1267
1218	1219
1218	1268
1219	1220
1219	1269
1220	1221
1220	1270
1221	1222
1221	1271
1222	1223
1222	1272
1223	1224
1223	1273
1224	1225
1224	1274
1225	1226
1225	1275
1226	1227
1226	1276
1227	1228
1227	1277
1228	1229
1228	1278
1229	1230
1229	1279
1230	1231
1230	1280
1231	1232
1231	1281
1232	1233
1232	1282
1233	1234
1233	1283
1234	1235
1234	1284
1235	1236
1235	1285
1236	1237
1236	1286
1237	1238
1237	1287
1238	1239
1238	1288
1239	1240
1239	1289
1240	1241
1240	1290
1241	1242
1241	1291
1242	1243
1242	1292
1243	1244
1243	1293
1244	1245
1244	1294
1245	1246
1245	1295
1246	1247
1246	1296
1247	1248
1247	1297
1248	1249
1248	1298
1249	1250
1249	1299
1250	1251
1250	1300
1251	1301
1252	1253
1252	1302
1253	1254
1253	1303
1254	1255
1254	1304
1255	1256
1255	1305
1256	1257
1256	1306
1257	1258
1257	1307
1258	1259
1258	1308
1259	1260
1259	1309
1260	1261
1260	1310
1261	1262
1261	1311
1262	1263
1262	1312
1263	1264
1263	1313
1264	1265
1264	1314
1265	1266
1265	1315
1266	1267
1266	1316
1267	1268
1267	1317
1268	1269
1268	1318
1269	1270
1269	1319
1270	1271
1270	1320
1271	1272
1271	1321
1272	1273
1272	1322
1273	1274
1273	1323
1274	1275
1274	1324
1275	1276
1275	1325
1276	1277
1276	1326
1277	1278
1277	1327
1278	1279
1278	1328
1279	1280
1279	1329
1280	1281
1280	1330
1281	1282
1281	1331
1282	1283
1282	1332
1283	1284
1283	1333
1284	1285
1284	1334
1285	1286
1285	1335
1286	1287
1286	1336
1287	1288
1287	1337
1288	1289
1288	1338
1289	1290
1289	1339
1290	1291
1290	1340
1291	1292
1291	1341
1292	1293
1292	1342
1293	1294
1293	1343
1294	1295
1294	1344
1295	1296
1295	1345
1296	1297
1296	1346
1297	1298
1297	1347
1298	1299
1298	1348
1299	1300
1299	1349
1300	1301
1300	1350
1301	1351
1302	1303
1302	1352
1303	1304
1303	1353
1304	1305
1304	1354
1305	1306
1305	1355
1306	1307
1306	1356
1307	1308
1307	1357
1308	1309
1308	1358
1309	1310
1309	1359
1310	1311
1310	1360
1311	1312
1311	1361
1312	1313
1312	1362
1313	1314
1313	1363
1314	1315
1314	1364
1315	1316
1315	1365
1316	1317
1316	1366
1317	1318
1317	1367
1318	1319
1318	1368
1319	1320
1319	1369
1320	1321
1320	1370
1321	1322
1321	1371
1322	1323
1322	1372
1323	1324
1323	1373
1324	1325
1324	1374
1325	1326
1325	1375
1326	1327
1326	1376
1327	1328
1327	1377
1328	1329
1328	1378
1329	1330
1329	1379
1330	1331
1330	1380
1331	1332
1331	1381
1332	1333
1332	1382
1333	1334
1333	1383
1334	1335
1334	1384
1335	1336
1335	1385
1336	1337
1336	1386
1337	1338
1337	1387
1338	1339
1338	1388
1339	1340
1339	1389
1340	1341
1340	1390
1341	1342
1341	1391
1342	1343
1342	1392
1343	1344
1343	1393
1344	1345
1344	1394
1345	1346
1345	1395
1346	1347
1346	1396
1347	1348
1347	1397
1348	1349
1348	1398
1349	1350
1349	1399
1350	1351
1350	1400
1351	1401
1352	1353
1352	1402
1353	1354
1353	1403
1354	1355
1354	1404
1355	1356
1355	1405
1356	1357
1356	1406
1357	1358
1357	1407
1358	1359
1358	1408
1359	1360
1359	1409
1360	1361
1360	1410
1361	1362
1361	1411
1362	1363
1362	1412
1363	1364
1363	1413
1364	1365
1364	1414
1365	1366
1365	1415
1366	1367
1366	1416
1367	1368
1367	1417
1368	1369
1368	1418
1369	1370
1369	1419
1370	1371
1370	1420
1371	1372
1371	1421
1372	1373
1372	1422
1373	1374
1373	1423
1374	1375
1374	1424
1375	1376
1375	1425
1376	1377
1376	1426
1377	1378
1377	1427
1378	1379
1378	1428
1379	1380
1379	1429
1380	1381
1380	1430
1381	1382
1381	1431
1382	1383
1382	1432
1383	1384
1383	1433
1384	1385
1384	1434
1385	1386
1385	1435
1386	1387
1386	1436
1387	1388
1387	1437
1388	1389
1388	1438
1389	1390
1389	1439
1390	1391
1390	1440
1391	1392
1391	1441
1392	1393
1392	1442
1393	1394
1393	1443
1394	1395
1394	1444
1395	1396
1395	1445
1396	1397
1396	1446
1397	1398
1397	1447
1398	1399
1398	1448
1399	1400
1399	1449
1400	1401
1400	1450
1401	1451
1402	1403
1402	1452
1403	1404
1403	1453
1404	1405
1404	1454
1405	1406
1405	1455
1406	1407
1406	1456
1407	1408
1407	1457
1408	1409
1408	1458
1409	1410
1409	1459
1410	1411
1410	1460
1411	1412
1411	1461
1412	1413
1412	1462
1413	1414
1413	1463
1414	1415
1414	1464
1415	1416
1415	1465
1416	1417
1416	1466
1417	1418
1417	1467
1418	1419
1418	1468
1419	1420
1419	1469
1420	1421
1420	1470
1421	1422
1421	1471
1422	1423
1422	1472
1423	1424
1423	1473
1424	1425
1424	1474
1425	1426
1425	1475
1426	1427
1426	1476
1427	1428
1427	1477
1428	1429
1428	1478
1429	1430
1429	1479
1430	1431
1430	1480
1431	1432
1431	1481
1432	1433
1432	1482
1433	1434
1433	1483
1434	1435
1434	1484
1435	1436
1435	1485
1436	1437
1436	1486
1437	1438
1437	1487
1438	1439
1438	1488
1439	1440
1439	1489
1440	1441
1440	1490
1441	1442
1441	1491
1442	1443
1442	1492
1443	1444
1443	1493
1444	1445
1444	1494
1445	1446
1445	1495
1446	1447
1446	1496
1447	1448
1447	1497
1448	1449
1448	1498
1449	1450
1449	1499
1450	1451
1450	1500
1451	1501
1452	1453
1452	1502
1453	1454
1453	1503
1454	1455
1454	1504
1455	1456
1455	1505
1456	1457
1456	1506
1457	1458
1457	1507
1458	1459
1458	1508
1459	1460
1459	1509
1460	1461
1460	1510
1461	1462
1461	1511
1462	1463
1462	1512
1463	1464
1463	1513
1464	1465
1464	1514
1465	1466
1465	1515
1466	1467
1466	1516
1467	1468
1467	1517
1468	1469
1468	1518
1469	1470
1469	1519
1470	1471
1470	1520
1471	1472
1471	1521
1472	1473
1472	1522
1473	1474
1473	1523
1474	1475
1474	1524
1475	1476
1475	1525
1476	1477
1476	1526
1477	1478
1477	1527
1478	1479
1478	1528
1479	1480
1479	1529
1480	1481
1480	1530
1481	1482
1481	1531
1482	1483
1482	1532
1483	1484
1483	1533
1484	1485
1484	1534
1485	1486
1485	1535
1486	1487
1486	1536
1487	1488
1487	1537
1488	1489
1488	1538
1489	1490
1489	1539
1490	1491
1490	1540
1491	1492
1491	1541
1492	1493
1492	1542
1493	1494
1493	1543
1494	1495
1494	1544
1495	1496
1495	1545
1496	1497
1496	1546
1497	1498
1497	1547
1498	1499
1498	1548
1499	1500
1499	1549
1500	1501
1500	1550
1501	1551
1502	1503
1502	1552
1503	1504
1503	1553
1504	1505
1504	1554
1505	1506
1505	1555
1506	1507
1506	1556
1507	1508
1507	1557
1508	1509
1508	1558
1509	1510
1509	1559
1510	1511
1510	1560
1511	1512
1511	1561
1512	1513
1512	1562
1513	1514
1513	1563
1514	1515
1514	1564
1515	1516
1515	1565
1516	1517
1516	1566
1517	1518
1517	1567
1518	1519
1518	1568
1519	1520
1519	1569
1520	1521
1520	1570
1521	1522
1521	1571
1522	1523
1522	1572
1523	1524
1523	1573
1524	1525
1524	1574
1525	1526
1525	1575
1526	1527
1526	1576
1527	1528
1527	1577
1528	1529
1528	1578
1529	1530
1529	1579
1530	1531
1530	1580
1531	1532
1531	1581
1532	1533
1532	1582
1533	1534
1533	1583
1534	1535
1534	1584
1535	1536
1535	1585
1536	1537
1536	1586
1537	1538
1537	1587
1538	1539
1538	1588
1539	1540
1539	1589
1540	1541
1540	1590
1541	1542
1541	1591
1542	1543
1542	1592
1543	1544
1543	1593
1544	1545
1544	1594
1545	1546
1545	1595
1546	1547
1546	1596
1547	1548
1547	1597
1548	1549
1548	1598
1549	1550
1549	1599
1550	1551
1550	1600
1551	1601
1552	1553
1552	1602
1553	1554
1553	1603
1554	1555
1554	1604
1555	1556
1555	1605
1556	1557
1556	1606
1557	1558
1557	1607
1558	1559
1558	1608
1559	1560
1559	1609
1560	1561
1560	1610
1561	1562
1561	1611
1562	1563
1562	1612
1563	1564
1563	1613
1564	1565
1564	1614
1565	1566
1565	1615
1566	1567
1566	1616
1567	1568
1567	1617
1568	1569
1568	1618
1569	1570
1569	1619
1570	1571
1570	1620
1571	1572
1571	1621
1572	1573
1572	1622
1573	1574
1573	1623
1574	1575
1574	1624
1575	1576
1575	1625
1576	1577
1576	1626
1577	1578
1577	1627
1578	1579
1578	1628
1579	1580
1579	1629
1580	1581
1580	1630
1581	1582
1581	1631
1582	1583
1582	1632
1583	1584
1583	1633
1584	1585
1584	1634
1585	1586
1585	1635
1586	1587
1586	1636
1587	1588
1587	1637
1588	1589
1588	1638
1589	1590
1589	1639
1590	1591
1590	1640
1591	1592
1591	1641
1592	1593
1592	1642
1593	1594
1593	1643
1594	1595
1594	1644
1595	1596
1595	1645
1596	1597
1596	1646
1597	1598
1597	1647
1598	1599
1598	1648
1599	1600
1599	1649
1600	1601
1600	1650
1601	1651
1602	1603
1602	1652
1603	1604
1603	1653
1604	1605
1604	1654
1605	1606
1605	1655
1606	1607
1606	1656
1607	1608
1607	1657
1608	1609
1608	1658
1609	1610
1609	1659
1610	1611
1610	1660
1611	1612
1611	1661
1612	1613
1612	1662
1613	1614
1613	1663
1614	1615
1614	1664
1615	1616
1615	1665
1616	1617
1616	1666
1617	1618
1617	1667
1618	1619
1618	1668
1619	1620
1619	1669
1620	1621
1620	1670
1621	1622
1621	1671
1622	1623
1622	1672
1623	1624
1623	1673
1624	1625
1624	1674
1625	1626
1625	1675
1626	1627
1626	1676
1627	1628
1627	1677
1628	1629
1628	1678
1629	1630
1629	1679
1630	1631
1630	1680
1631	1632
1631	1681
1632	1633
1632	1682
1633	1634
1633	1683
1634	1635
1634	1684
1635	1636
1635	1685
1636	1637
1636	1686
1637	1638
1637	1687
1638	1639
1638	1688
1639	1640
1639	1689
1640	1641
1640	1690
1641	1642
1641	1691
1642	1643
1642	1692
1643	1644
1643	1693
1644	1645
1644	1694
1645	1646
1645	1695
1646	1647
1646	1696
1647	1648
1647	1697
1648	1649
1648	1698
1649	1650
1649	1699
1650	1651
1650	1700
1651	1701
1652	1653
1652	1702
1653	1654
1653	1703
1654	1655
1654	1704
1655	1656
1655	1705
1656	1657
1656	1706
1657	1658
1657	1707
1658	1659
1658	1708
1659	1660
1659	1709
1660	1661
1660	1710
1661	1662
1661	1711
1662	1663
1662	1712
1663	1664
1663	1713
1664	1665
1664	1714
1665	1666
1665	1715
1666	1667
1666	1716
1667	1668
1667	1717
1668	1669
1668	1718
1669	1670
1669	1719
1670	1671
1670	1720
1671	1672
1671	1721
1672	1673
1672	1722
1673	1674
1673	1723
1674	1675
1674	1724
1675	1676
1675	1725
1676	1677
1676	1726
1677	1678
1677	1727
1678	1679
1678	1728
1679	1680
1679	1729
1680	1681
1680	1730
1681	1682
1681	1731
1682	1683
1682	1732
1683	1684
1683	1733
1684	1685
1684	1734
1685	1686
1685	1735
1686	1687
1686	1736
1687	1688
1687	1737
1688	1689
1688	1738
1689	1690
1689	1739
1690	1691
1690	1740
1691	1692
1691	1741
1692	1693
1692	1742
1693	1694
1693	1743
1694	1695
1694	1744
1695	1696
1695	1745
1696	1697
1696	1746
1697	1698
1697	1747
1698	1699
1698	1748
1699	1700
1699	1749
1700	1701
1700	1750
1701	1751
1702	1703
1702	1752
1703	1704
1703	1753
1704	1705
1704	1754
1705	1706
1705	1755
1706	1707
1706	1756
1707	1708
1707	1757
1708	1709
1708	1758
1709	1710
1709	1759
1710	1711
1710	1760
1711	1712
1711	1761
1712	1713
1712	1762
1713	1714
1713	1763
1714	1715
1714	1764
1715	1716
1715	1765
1716	1717
1716	1766
1717	1718
1717	1767
1718	1719
1718	1768
1719	1720
1719	1769
1720	1721
1720	1770
1721	1722
1721	1771
1722	1723
1722	1772
1723	1724
1723	1773
1724	1725
1724	1774
1725	1726
1725	1775
1726	1727
1726	1776
1727	1728
1727	1777
1728	1729
1728	1778
1729	1730
1729	1779
1730	1731
1730	1780
1731	1732
1731	1781
1732	1733
1732	1782
1733	1734
1733	1783
1734	1735
1734	1784
1735	1736
1735	1785
1736	1737
1736	1786
1737	1738
1737	1787
1738	1739
1738	1788
1739	1740
1739	1789
1740	1741
1740	1790
1741	1742
1741	1791
1742	1743
1742	1792
1743	1744
1743	1793
1744	1745
1744	1794
1745	1746
1745	1795
1746	1747
1746	1796
1747	1748
1747	1797
1748	1749
1748	1798
1749	1750
1749	1799
1750	1751
1750	1800
1751	1801
1752	1753
1752	1802
1753	1754
1753	1803
1754	1755
1754	1804
1755	1756
1755	1805
1756	1757
1756	1806
1757	1758
1757	1807
1758	1759
1758	1808
1759	1760
1759	1809
1760	1761
1760	1810
1761	1762
1761	1811
1762	1763
1762	1812
1763	1764
1763	1813
1764	1765
1764	1814
1765	1766
1765	1815
1766	1767
1766	1816
1767	1768
1767	1817
1768	1769
1768	1818
1769	1770
1769	1819
1770	1771
1770	1820
1771	1772
1771	1821
1772	1773
1772	1822
1773	1774
1773	1823
1774	1775
1774	1824
1775	1776
1775	1825
1776	1777
1776	1826
1777	1778
1777	1827
1778	1779
1778	1828
1779	1780
1779	1829
1780	1781
1780	1830
1781	1782
1781	1831
1782	1783
1782	1832
1783	1784
1783	1833
1784	1785
1784	1834
1785	1786
1785	1835
1786	1787
1786	1836
1787	1788
1787	1837
1788	1789
1788	1838
1789	1790
1789	1839
1790	1791
1790	1840
1791	1792
1791	1841
1792	1793
1792	1842
1793	1794
1793	1843
1794	1795
1794	1844
1795	1796
1795	1845
1796	1797
1796	1846
1797	1798
1797	1847
1798	1799
1798	1848
1799	1800
1799	1849
1800	1801
1800	1850
1801	1851
1802	1803
1802	1852
1803	1804
1803	1853
1804	1805
1804	1854
1805	1806
1805	1855
1806	1807
1806	1856
1807	1808
1807	1857
1808	1809
1808	1858
1809	1810
1809	1859
1810	1811
1810	1860
1811	1812
1811	1861
1812	1813
1812	1862
1813	1814
1813	1863
1814	1815
1814	1864
1815	1816
1815	1865
1816	1817
1816	1866
1817	1818
1817	1867
1818	1819
1818	1868
1819	1820
1819	1869
1820	1821
1820	1870
1821	1822
1821	1871
1822	1823
1822	1872
1823	1824
1823	1873
1824	1825
1824	1874
1825	1826
1825	1875
1826	1827
1826	1876
1827	1828
1827	1877
1828	1829
1828	1878
1829	1830
1829	1879
1830	1831
1830	1880
1831	1832
1831	1881
1832	1833
1832	1882
1833	1834
1833	1883
1834	1835
1834	1884
1835	1836
1835	1885
1836	1837
1836	1886
1837	1838
1837	1887
1838	1839
1838	1888
1839	1840
1839	1889
1840	1841
1840	1890
1841	1842
1841	1891
1842	1843
1842	1892
1843	1844
1843	1893
1844	1845
1844	1894
1845	1846
1845	1895
1846	1847
1846	1896
1847	1848
1847	1897
1848	1849
1848	1898
1849	1850
1849	1899
1850	1851
1850	1900
1851	1901
1852	1853
1852	1902
1853	1854
1853	1903
1854	1855
1854	1904
1855	1856
1855	1905
1856	1857
1856	1906
1857	1858
1857	1907
1858	1859
1858	1908
1859	1860
1859	1909
1860	1861
1860	1910
1861	1862
1861	1911
1862	1863
1862	1912
1863	1864
1863	1913
1864	1865
1864	1914
1865	1866
1865	1915
1866	1867
1866	1916
1867	1868
1867	1917
1868	1869
1868	1918
1869	1870
1869	1919
1870	1871
1870	1920
1871	1872
1871	1921
1872	1873
1872	1922
1873	1874
1873	1923
1874	1875
1874	1924
1875	1876
1875	1925
1876	1877
1876	1926
1877	1878
1877	1927
1878	1879
1878	1928
1879	1880
1879	1929
1880	1881
1880	1930
1881	1882
1881	1931
1882	1883
1882	1932
1883	1884
1883	1933
1884	1885
1884	1934
1885	1886
1885	1935
1886	1887
1886	1936
1887	1888
1887	1937
1888	1889
1888	1938
1889	1890
1889	1939
1890	1891
1890	1940
1891	1892
1891	1941
1892	1893
1892	1942
1893	1894
1893	1943
1894	1895
1894	1944
1895	1896
1895	1945
1896	1897
1896	1946
1897	1898
1897	1947
1898	1899
1898	1948
1899	1900
1899	1949
1900	1901
1900	1950
1901	1951
1902	1903
1902	1952
1903	1904
1903	1953
1904	1905
1904	1954
1905	1906
1905	1955
1906	1907
1906	1956
1907	1908
1907	1957
1908	1909
1908	1958
1909	1910
1909	1959
1910	1911
1910	1960
1911	1912
1911	1961
1912	1913
1912	1962
1913	1914
1913	1963
1914	1915
1914	1964
1915	1916
1915	1965
1916	1917
1916	1966
1917	1918
1917	1967
1918	1919
1918	1968
1919	1920
1919	1969
1920	1921
1920	1970
1921	1922
1921	1971
1922	1923
1922	1972
1923	1924
1923	1973
1924	1925
1924	1974
1925	1926
1925	1975
1926	1927
1926	1976
1927	1928
1927	1977
1928	1929
1928	1978
1929	1930
1929	1979
1930	1931
1930	1980
1931	1932
1931	1981
1932	1933
1932	1982
1933	1934
1933	1983
1934	1935
1934	1984
1935	1936
1935	1985
1936	1937
1936	1986
1937	1938
1937	1987
1938	1939
1938	1988
1939	1940
1939	1989
1940	1941
1940	1990
1941	1942
1941	1991
1942	1943
1942	1992
1943	1944
1943	1993
1944	1945
1944	1994
1945	1946
1945	1995
1946	1947
1946	1996
1947	1948
1947	1997
1948	1949
1948	1998
1949	1950
1949	1999
1950	1951
1950	2000
1951	2001
1952	1953
1952	2002
1953	1954
1953	2003
1954	1955
1954	2004
1955	1956
1955	2005
1956	1957
1956	2006
1957	1958
1957	2007
1958	1959
1958	2008
1959	1960
1959	2009
1960	1961
1960	2010
1961	1962
1961	2011
1962	1963
1962	2012
1963	1964
1963	2013
1964	1965
1964	2014
1965	1966
1965	2015
1966	1967
1966	2016
1967	1968
1967	2017
1968	1969
1968	2018
1969	1970
1969	2019
1970	1971
1970	2020
1971	1972
1971	2021
1972	1973
1972	2022
1973	1974
1973	2023
1974	1975
1974	2024
1975	1976
1975	2025
1976	1977
1976	2026
1977	1978
1977	2027
1978	1979
1978	2028
1979	1980
1979	2029
1980	1981
1980	2030
1981	1982
1981	2031
1982	1983
1982	2032
1983	1984
1983	2033
1984	1985
1984	2034
1985	1986
1985	2035
1986	1987
1986	2036
1987	1988
1987	2037
1988	1989
1988	2038
1989	1990
1989	2039
1990	1991
1990	2040
1991	1992
1991	2041
1992	1993
1992	2042
1993	1994
1993	2043
1994	1995
1994	2044
1995	1996
1995	2045
1996	1997
1996	2046
1997	1998
1997	2047
1998	1999
1998	2048
1999	2000
1999	2049
2000	2001
2000	2050
2001	2051
2002	2003
2002	2052
2003	2004
2003	2053
2004	2005
2004	2054
2005	2006
2005	2055
2006	2007
2006	2056
2007	2008
2007	2057
2008	2009
2008	2058
2009	2010
2009	2059
2010	2011
2010	2060
2011	2012
2011	2061
2012	2013
2012	2062
2013	2014
2013	2063
2014	2015
2014	2064
2015	2016
2015	2065
2016	2017
2016	2066
2017	2018
2017	2067
2018	2019
2018	2068
2019	2020
2019	2069
2020	2021
2020	2070
2021	2022
2021	2071
2022	2023
2022	2072
2023	2024
2023	2073
2024	2025
2024	2074
2025	2026
2025	2075
2026	2027
2026	2076
2027	2028
2027	2077
2028	2029
2028	2078
2029	2030
2029	2079
2030	2031
2030	2080
2031	2032
2031	2081
2032	2033
2032	2082
2033	2034
2033	2083
2034	2035
2034	2084
2035	2036
2035	2085
2036	2037
2036	2086
2037	2038
2037	2087
2038	2039
2038	2088
2039	2040
2039	2089
2040	2041
2040	2090
2041	2042
2041	2091
2042	2043
2042	2092
2043	2044
2043	2093
2044	2045
2044	2094
2045	2046
2045	2095
2046	2047
2046	2096
2047	2048
2047	2097
2048	2049
2048	2098
2049	2050
2049	2099
2050	2051
2050	2100
2051	2101
2052	2053
2052	2102
2053	2054
2053	2103
2054	2055
2054	2104
2055	2056
2055	2105
2056	2057
2056	2106
2057	2058
2057	2107
2058	2059
2058	2108
2059	2060
2059	2109
2060	2061
2060	2110
2061	2062
2061	2111
2062	2063
2062	2112
2063	2064
2063	2113
2064	2065
2064	2114
2065	2066
2065	2115
2066	2067
2066	2116
2067	2068
2067	2117
2068	2069
2068	2118
2069	2070
2069	2119
2070	2071
2070	2120
2071	2072
2071	2121
2072	2073
2072	2122
2073	2074
2073	2123
2074	2075
2074	2124
2075	2076
2075	2125
2076	2077
2076	2126
2077	2078
2077	2127
2078	2079
2078	2128
2079	2080
2079	2129
2080	2081
2080	2130
2081	2082
2081	2131
2082	2083
2082	2132
2083	2084
2083	2133
2084	2085
2084	2134
2085	2086
2085	2135
2086	2087
2086	2136
2087	2088
2087	2137
2088	2089
2088	2138
2089	2090
2089	2139
2090	2091
2090	2140
2091	2092
2091	2141
2092	2093
2092	2142
2093	2094
2093	2143
2094	2095
2094	2144
2095	2096
2095	2145
2096	2097
2096	2146
2097	2098
2097	2147
2098	2099
2098	2148
2099	2100
2099	2149
2100	2101
2100	2150
2101	2151
2102	2103
2102	2152
2103	2104
2103	2153
2104	2105
2104	2154
2105	2106
2105	2155
2106	2107
2106	2156
2107	2108
2107	2157
2108	2109
2108	2158
2109	2110
2109	2159
2110	2111
2110	2160
2111	2112
2111	2161
2112	2113
2112	2162
2113	2114
2113	2163
2114	2115
2114	2164
2115	2116
2115	2165
2116	2117
2116	2166
2117	2118
2117	2167
2118	2119
2118	2168
2119	2120
2119	2169
2120	2121
2120	2170
2121	2122
2121	2171
2122	2123
2122	2172
2123	2124
2123	2173
2124	2125
2124	2174
2125	2126
2125	2175
2126	2127
2126	2176
2127	2128
2127	2177
2128	2129
2128	2178
2129	2130
2129	2179
2130	2131
2130	2180
2131	2132
2131	2181
2132	2133
2132	2182
2133	2134
2133	2183
2134	2135
2134	2184
2135	2136
2135	2185
2136	2137
2136	2186
2137	2138
2137	2187
2138	2139
2138	2188
2139	2140
2139	2189
2140	2141
2140	2190
2141	2142
2141	2191
2142	2143
2142	2192
2143	2144
2143	2193
2144	2145
2144	2194
2145	2146
2145	2195
2146	2147
2146	2196
2147	2148
2147	2197
2148	2149
2148	2198
2149	2150
2149	2199
2150	2151
2150	2200
2151	2201
2152	2153
2152	2202
2153	2154
2153	2203
2154	2155
2154	2204
2155	2156
2155	2205
2156	2157
2156	2206
2157	2158
2157	2207
2158	2159
2158	2208
2159	2160
2159	2209
2160	2161
2160	2210
2161	2162
2161	2211
2162	2163
2162	2212
2163	2164
2163	2213
2164	2165
2164	2214
2165	2166
2165	2215
2166	2167
2166	2216
2167	2168
2167	2217
2168	2169
2168	2218
2169	2170
2169	2219
2170	2171
2170	2220
2171	2172
2171	2221
2172	2173
2172	2222
2173	2174
2173	2223
2174	2175
2174	2224
2175	2176
2175	2225
2176	2177
2176	2226
2177	2178
2177	2227
2178	2179
2178	2228
2179	2180
2179	2229
2180	2181
2180	2230
2181	2182
2181	2231
2182	2183
2182	2232
2183	2184
2183	2233
2184	2185
2184	2234
2185	2186
2185	2235
2186	2187
2186	2236
2187	2188
2187	2237
2188	2189
2188	2238
2189	2190
2189	2239
2190	2191
2190	2240
2191	2192
2191	2241
2192	2193
2192	2242
2193	2194
2193	2243
2194	2195
2194	2244
2195	2196
2195	2245
2196	2197
2196	2246
2197	2198
2197	2247
2198	2199
2198	2248
2199	2200
2199	2249
2200	2201
2200	2250
2201	2251
2202	2203
2202	2252
2203	2204
2203	2253
2204	2205
2204	2254
2205	2206
2205	2255
2206	2207
2206	2256
2207	2208
2207	2257
2208	2209
2208	2258
2209	2210
2209	2259
2210	2211
2210	2260
2211	2212
2211	2261
2212	2213
2212	2262
2213	2214
2213	2263
2214	2215
2214	2264
2215	2216
2215	2265
2216	2217
2216	2266
2217	2218
2217	2267
2218	2219
2218	2268
2219	2220
2219	2269
2220	2221
2220	2270
2221	2222
2221	2271
2222	2223
2222	2272
2223	2224
2223	2273
2224	2225
2224	2274
2225	2226
2225	2275
2226	2227
2226	2276
2227	2228
2227	2277
2228	2229
2228	2278
2229	2230
2229	2279
2230	2231
2230	2280
2231	2232
2231	2281
2232	2233
2232	2282
2233	2234
2233	2283
2234	2235
2234	2284
2235	2236
2235	2285
2236	2237
2236	2286
2237	2238
2237	2287
2238	2239
2238	2288
2239	2240
2239	2289
2240	2241
2240	2290
2241	2242
2241	2291
2242	2243
2242	2292
2243	2244
2243	2293
2244	2245
2244	2294
2245	2246
2245	2295
2246	2247
2246	2296
2247	2248
2247	2297
2248	2249
2248	2298
2249	2250
2249	2299
2250	2251
2250	2300
2251	2301
2252	2253
2252	2302
2253	2254
2253	2303
2254	2255
2254	2304
2255	2256
2255	2305
2256	2257
2256	2306
2257	2258
2257	2307
2258	2259
2258	2308
2259	2260
2259	2309
2260	2261
2260	2310
2261	2262
2261	2311
2262	2263
2262	2312
2263	2264
2263	2313
2264	2265
2264	2314
2265	2266
2265	2315
2266	2267
2266	2316
2267	2268
2267	2317
2268	2269
2268	2318
2269	2270
2269	2319
2270	2271
2270	2320
2271	2272
2271	2321
2272	2273
2272	2322
2273	2274
2273	2323
2274	2275
2274	2324
2275	2276
2275	2325
2276	2277
2276	2326
2277	2278
2277	2327
2278	2279
2278	2328
2279	2280
2279	2329
2280	2281
2280	2330
2281	2282
2281	2331
2282	2283
2282	2332
2283	2284
2283	2333
2284	2285
2284	2334
2285	2286
2285	2335
2286	2287
2286	2336
2287	2288
2287	2337
2288	2289
2288	2338
2289	2290
2289	2339
2290	2291
2290	2340
2291	2292
2291	2341
2292	2293
2292	2342
2293	2294
2293	2343
2294	2295
2294	2344
2295	2296
2295	2345
2296	2297
2296	2346
2297	2298
2297	2347
2298	2299
2298	2348
2299	2300
2299	2349
2300	2301
2300	2350
2301	2351
2302	2303
2302	2352
2303	2304
2303	2353
2304	2305
2304	2354
2305	2306
2305	2355
2306	2307
2306	2356
2307	2308
2307	2357
2308	2309
2308	2358
2309	2310
2309	2359
2310	2311
2310	2360
2311	2312
2311	2361
2312	2313
2312	2362
2313	2314
2313	2363
2314	2315
2314	2364
2315	2316
2315	2365
2316	2317
2316	2366
2317	2318
2317	2367
2318	2319
2318	2368
2319	2320
2319	2369
2320	2321
2320	2370
2321	2322
2321	2371
2322	2323
2322	2372
2323	2324
2323	2373
2324	2325
2324	2374
2325	2326
2325	2375
2326	2327
2326	2376
2327	2328
2327	2377
2328	2329
2328	2378
2329	2330
2329	2379
2330	2331
2330	2380
2331	2332
2331	2381
2332	2333
2332	2382
2333	2334
2333	2383
2334	2335
2334	2384
2335	2336
2335	2385
2336	2337
2336	2386
2337	2338
2337	2387
2338	2339
2338	2388
2339	2340
2339	2389
2340	2341
2340	2390
2341	2342
2341	2391
2342	2343
2342	2392
2343	2344
2343	2393
2344	2345
2344	2394
2345	2346
2345	2395
2346	2347
2346	2396
2347	2348
2347	2397
2348	2349
2348	2398
2349	2350
2349	2399
2350	2351
2350	2400
2351	2401
2352	2353
2352	2402
2353	2354
2353	2403
2354	2355
2354	2404
2355	2356
2355	2405
2356	2357
2356	2406
2357	2358
2357	2407
2358	2359
2358	2408
2359	2360
2359	2409
2360	2361
2360	2410
2361	2362
2361	2411
2362	2363
2362	2412
2363	2364
2363	2413
2364	2365
2364	2414
2365	2366
2365	2415
2366	2367
2366	2416
2367	2368
2367	2417
2368	2369
2368	2418
2369	2370
2369	2419
2370	2371
2370	2420
2371	2372
2371	2421
2372	2373
2372	2422
2373	2374
2373	2423
2374	2375
2374	2424
2375	2376
2375	2425
2376	2377
2376	2426
2377	2378
2377	2427
2378	2379
2378	2428
2379	2380
2379	2429
2380	2381
2380	2430
2381	2382
2381	2431
2382	2383
2382	2432
2383	2384
2383	2433
2384	2385
2384	2434
2385	2386
2385	2435
2386	2387
2386	2436
2387	2388
2387	2437
2388	2389
2388	2438
2389	2390
2389	2439
2390	2391
2390	2440
2391	2392
2391	2441
2392	2393
2392	2442
2393	2394
2393	2443
2394	2395
2394	2444
2395	2396
2395	2445
2396	2397
2396	2446
2397	2398
2397	2447
2398	2399
2398	2448
2399	2400
2399	2449
2400	2401
2400	2450
2401	2451
2402	2403
2402	2452
2403	2404
2403	2453
2404	2405
2404	2454
2405	2406
2405	2455
2406	2407
2406	2456
2407	2408
2407	2457
2408	2409
2408	2458
2409	2410
2409	2459
2410	2411
2410	2460
2411	2412
2411	2461
2412	2413
2412	2462
2413	2414
2413	2463
2414	2415
2414	2464
2415	2416
2415	2465
2416	2417
2416	2466
2417	2418
2417	2467
2418	2419
2418	2468
2419	2420
2419	2469
2420	2421
2420	2470
2421	2422
2421	2471
2422	2423
2422	2472
2423	2424
2423	2473
2424	2425
2424	2474
2425	2426
2425	2475
2426	2427
2426	2476
2427	2428
2427	2477
2428	2429
2428	2478
2429	2430
2429	2479
2430	2431
2430	2480
2431	2432
2431	2481
2432	2433
2432	2482
2433	2434
2433	2483
2434	2435
2434	2484
2435	2436
2435	2485
2436	2437
2436	2486
2437	2438
2437	2487
2438	2439
2438	2488
2439	2440
2439	2489
2440	2441
2440	2490
2441	2442
2441	2491
2442	2443
2442	2492
2443	2444
2443	2493
2444	2445
2444	2494
2445	2446
2445	2495
2446	2447
2446	2496
2447	2448
2447	2497
2448	2449
2448	2498
2449	2450
2449	2499
2450	2451
2450	2500
2451	2501
2452	2453
2453	2454
2454	2455
2455	2456
2456	2457
2457	2458
2458	2459
2459	2460
2460	2461
2461	2462
2462	2463
2463	2464
2464	2465
2465	2466
2466	2467
2467	2468
2468	2469
2469	2470
2470	2471
2471	2472
2472	2473
2473	2474
2474	2475
2475	2476
2476	2477
2477	2478
2478	2479
2479	2480
2480	2481
2481	2482
2482	2483
2483	2484
2484	2485
2485	2486
2486	2487
2487	2488
2488	2489
2489	2490
2490	2491
2491	2492
2492	2493
2493	2494
2494	2495
2495	2496
2496	2497
2497	2498
2498	2499
2499	2500
2500	2501