Case #1:
1 1
2 2
Case #2:
3 3
2 3
1 1
2 3
Case #3:
2 5
2 5
2 5
1 1
2 5
2 5
2 5
2 5
Case #4:
2 3
1 1
2 3
2 3
Case #5:
1 5
3 5
1 5
1 5
1 5
1 5
1 5
1 5
Case #6:
3 5
2 5
1 5
1 5
1 5
1 5
1 5
2 5
Case #7:
1 9
1 9
1 9
1 9
1 9
1 9
1 9
1 9
1 9
1 9
1 9
1 9
1 9
1 9
1 9
2 9
Case #8:
3 5
1 5
1 5
1 5
1 5
1 5
1 5
1 5
Case #9:
1 5
1 5
1 5
2 5
2 5
2 5
2 5
3 5
Case #10:
2 3
3 3
1 1
2 3
Case #11:
2 5
2 5
2 5
1 1
2 5
2 5
2 5
2 5
Case #12:
2 2
1 1
Case #13:
2 5
3 5
1 1
2 5
2 5
2 5
2 5
2 5
Case #14:
1 9
1 9
1 9
1 9
1 9
1 9
1 9
1 9
1 9
1 9
1 9
1 9
1 9
1 9
1 9
1 9
Case #15:
2 2
1 1
Case #16:
2 3
2 3
1 1
2 3
Case #17:
1 5
1 5
2 5
1 5
2 5
1 5
1 5
2 5
Case #18:
1 9
1 9
1 9
1 9
1 9
1 9
1 9
1 9
1 9
1 9
1 9
1 9
1 9
1 9
1 9
1 9
Case #19:
2 2
1 1
Case #20:
1 3
2 3
1 3
2 3
Case #21:
2 3
2 3
1 1
3 3
Case #22:
1 5
1 5
1 5
2 5
2 5
1 5
3 5
1 5
Case #23:
3 3
1 3
1 3
1 3
Case #24:
2 3
1 3
1 3
2 3
Case #25:
3 3
1 3
1 3
1 3
Case #26:
1 1
2 2
Case #27:
3 3
1 1
2 3
2 3
Case #28:
2 2
1 1
Case #29:
1 1
2 2
Case #30:
2 5
1 5
2 5
1 5
1 5
1 5
1 5
1 5
Case #31:
1 5
1 5
2 5
1 5
1 5
3 5
2 5
2 5
Case #32:
1 9
1 9
1 9
1 9
1 9
3 9
1 9
1 9
1 9
1 9
1 9
1 9
1 9
1 9
1 9
1 9
Case #33:
1 5
2 5
1 5
1 5
1 5
1 5
1 5
1 5
Case #34:
1 1
2 2
Case #35:
2 3
3 3
1 1
2 3
Case #36:
1 5
1 5
1 5
1 5
1 5
1 5
1 5
1 5
Case #37:
1 5
3 5
1 5
1 5
1 5
2 5
1 5
1 5
Case #38:
2 2
1 1
Case #39:
2 2
1 1
Case #40:
2 3
1 1
2 3
3 3
Case #41:
1 1
2 2
Case #42:
2 5
2 5
2 5
2 5
2 5
2 5
2 5
1 1
Case #43:
1 5
1 5
2 5
1 5
2 5
1 5
2 5
2 5
Case #44:
1 9
1 9
1 9
1 9
1 9
1 9
1 9
1 9
1 9
1 9
1 9
1 9
1 9
1 9
1 9
1 9
Case #45:
2 2
1 1
Case #46:
1 9
1 9
1 9
1 9
1 9
1 9
1 9
1 9
1 9
1 9
1 9
1 9
1 9
1 9
1 9
1 9
Case #47:
2 5
1 5
1 5
1 5
1 5
1 5
1 5
1 5
Case #48:
2 2
1 1
Case #49:
1 5
2 5
1 5
1 5
1 5
1 5
2 5
1 5
Case #50:
1 9
1 9
1 9
1 9
1 9
1 9
1 9
1 9
1 9
1 9
1 9
1 9
1 9
1 9
1 9
1 9
Case #51:
1 9
1 9
1 9
1 9
1 9
1 9
1 9
1 9
1 9
1 9
1 9
1 9
1 9
1 9
1 9
1 9
Case #52:
1 5
3 5
1 5
1 5
1 5
1 5
2 5
2 5
Case #53:
1 1
2 2
Case #54:
1 9
1 9
1 9
1 9
1 9
1 9
1 9
1 9
1 9
1 9
1 9
1 9
1 9
1 9
1 9
1 9
Case #55:
1 5
1 5
1 5
1 5
1 5
2 5
1 5
1 5
Case #56:
1 3
1 3
1 3
3 3
Case #57:
1 3
1 3
1 3
3 3
Case #58:
2 3
1 1
2 3
3 3
Case #59:
2 3
2 3
1 3
1 3
Case #60:
1 1
2 3
2 3
2 3
Case #61:
1 3
1 3
2 3
2 3
Case #62:
1 5
1 5
1 5
3 5
1 5
1 5
1 5
1 5
Case #63:
1 9
1 9
1 9
1 9
1 9
1 9
1 9
1 9
1 9
1 9
1 9
1 9
1 9
1 9
1 9
1 9
Case #64:
1 5
1 5
1 5
1 5
1 5
1 5
2 5
2 5
Case #65:
1 1
2 2
Case #66:
2 3
3 3
1 1
2 3
Case #67:
1 3
1 3
2 3
2 3
Case #68:
1 9
1 9
1 9
1 9
1 9
1 9
1 9
1 9
1 9
1 9
1 9
1 9
1 9
1 9
1 9
1 9
Case #69:
2 3
2 3
2 3
1 1
Case #70:
2 3
2 3
1 1
3 3
Case #71:
1 9
1 9
1 9
1 9
1 9
1 9
1 9
1 9
1 9
1 9
1 9
1 9
1 9
1 9
1 9
1 9
Case #72:
1 1
2 3
2 3
2 3
Case #73:
2 2
1 1
Case #74:
1 3
2 3
1 3
2 3
Case #75:
1 1
2 3
2 3
2 3
Case #76:
2 3
2 3
2 3
1 1
Case #77:
1 5
2 5
1 5
1 5
1 5
3 5
1 5
1 5
Case #78:
1 3
2 3
1 3
2 3
Case #79:
1 3
2 3
1 3
2 3
Case #80:
1 9
1 9
1 9
1 9
1 9
1 9
1 9
1 9
1 9
1 9
1 9
1 9
1 9
1 9
1 9
1 9
Case #81:
1 5
3 5
1 5
1 5
2 5
1 5
1 5
2 5
Case #82:
2 3
1 1
2 3
2 3
Case #83:
2 3
3 3
1 1
2 3
Case #84:
1 3
2 3
2 3
1 3
Case #85:
1 1
2 2
Case #86:
2 2
1 1
Case #87:
1 9
1 9
1 9
1 9
1 9
1 9
1 9
1 9
1 9
1 9
1 9
1 9
1 9
1 9
1 9
1 9
Case #88:
2 5
1 5
2 5
2 5
1 5
1 5
1 5
2 5
Case #89:
2 2
1 1
Case #90:
1 9
1 9
1 9
1 9
1 9
1 9
1 9
1 9
1 9
1 9
1 9
1 9
1 9
1 9
1 9
1 9
Case #91:
1 1
2 3
3 3
2 3
Case #92:
2 2
1 1
Case #93:
1 1
2 2
Case #94:
1 9
1 9
1 9
1 9
1 9
1 9
1 9
1 9
1 9
1 9
1 9
1 9
1 9
1 9
1 9
1 9
Case #95:
2 3
1 3
2 3
1 3
Case #96:
1 5
2 5
1 5
1 5
1 5
1 5
2 5
1 5
Case #97:
3 5
1 5
1 5
1 5
1 5
1 5
1 5
1 5
Case #98:
2 3
1 3
2 3
1 3
Case #99:
1 9
1 9
1 9
1 9
1 9
1 9
1 9
1 9
1 9
1 9
1 9
1 9
1 9
1 9
1 9
1 9
Case #100:
2 5
1 5
3 5
1 5
1 5
3 5
1 5
1 5
Case #101:
1 5
3 5
1 5
1 5
1 5
1 5
1 5
1 5
Case #102:
2 2
1 1
Case #103:
1 5
1 5
2 5
1 5
3 5
1 5
1 5
1 5
Case #104:
1 9
1 9
1 9
1 9
1 9
1 9
1 9
1 9
1 9
1 9
1 9
1 9
1 9
1 9
1 9
1 9
Case #105:
2 2
1 1
Case #106:
2 3
1 1
3 3
2 3
Case #107:
2 2
1 1
Case #108:
1 3
2 3
1 3
2 3
Case #109:
1 9
1 9
1 9
1 9
1 9
1 9
1 9
1 9
1 9
1 9
1 9
1 9
1 9
1 9
1 9
1 9
Case #110:
1 5
2 5
2 5
1 5
1 5
2 5
1 5
1 5
Case #111:
1 1
2 2
Case #112:
1 1
2 2
Case #113:
2 5
2 5
2 5
1 1
2 5
2 5
2 5
2 5
Case #114:
1 5
1 5
2 5
2 5
1 5
1 5
1 5
1 5
Case #115:
2 5
1 5
1 5
2 5
1 5
1 5
1 5
1 5
Case #116:
2 2
1 1
Case #117:
1 9
1 9
1 9
1 9
1 9
1 9
1 9
1 9
1 9
1 9
1 9
1 9
1 9
1 9
1 9
1 9
Case #118:
1 9
1 9
1 9
1 9
1 9
1 9
1 9
1 9
1 9
1 9
1 9
1 9
1 9
1 9
1 9
2 9
Case #119:
1 1
2 2
Case #120:
1 1
2 2
Case #121:
2 5
1 5
1 5
1 5
1 5
2 5
1 5
1 5
Case #122:
2 2
1 1
Case #123:
3 3
1 3
1 3
1 3
Case #124:
1 3
1 3
1 3
3 3
Case #125:
2 2
1 1
Case #126:
1 5
1 5
2 5
1 5
2 5
5 5
1 5
1 5
Case #127:
2 5
3 5
1 5
1 5
2 5
1 5
1 5
1 5
Case #128:
3 5
1 5
2 5
1 5
1 5
1 5
1 5
1 5
Case #129:
1 3
2 3
2 3
1 3
Case #130:
2 2
1 1
Case #131:
1 9
1 9
1 9
1 9
1 9
1 9
1 9
1 9
1 9
1 9
1 9
1 9
1 9
1 9
1 9
1 9
Case #132:
1 5
1 5
1 5
1 5
1 5
1 5
2 5
1 5
Case #133:
1 9
1 9
1 9
1 9
1 9
1 9
1 9
1 9
1 9
1 9
1 9
1 9
1 9
1 9
1 9
1 9
Case #134:
1 5
2 5
2 5
2 5
1 5
1 5
1 5
1 5
Case #135:
1 1
2 2
Case #136:
1 9
1 9
1 9
1 9
1 9
1 9
1 9
1 9
1 9
1 9
1 9
1 9
1 9
1 9
1 9
1 9
Case #137:
3 3
2 3
1 1
2 3
Case #138:
1 5
2 5
2 5
1 5
2 5
1 5
1 5
2 5
Case #139:
1 3
1 3
2 3
2 3
Case #140:
1 1
2 2
Case #141:
1 5
1 5
1 5
3 5
1 5
1 5
1 5
1 5
Case #142:
1 1
2 2
Case #143:
1 9
1 9
1 9
1 9
1 9
1 9
2 9
1 9
1 9
1 9
1 9
1 9
1 9
1 9
1 9
1 9
Case #144:
1 5
1 5
1 5
1 5
1 5
1 5
1 5
3 5
Case #145:
2 3
3 3
2 3
1 1
Case #146:
1 9
1 9
1 9
1 9
1 9
1 9
1 9
1 9
1 9
1 9
1 9
1 9
1 9
1 9
1 9
1 9
Case #147:
1 1
2 2
Case #148:
3 3
2 3
1 1
2 3
Case #149:
1 1
2 2
Case #150:
2 2
1 1
Case #151:
5 5
3 5
3 5
1 5
1 5
2 5
1 5
1 5
Case #152:
1 1
2 2
Case #153:
1 1
2 2
Case #154:
1 9
2 9
1 9
1 9
1 9
1 9
1 9
1 9
2 9
1 9
1 9
1 9
1 9
1 9
1 9
1 9
Case #155:
2 2
1 1
Case #156:
2 2
1 1
Case #157:
1 5
1 5
2 5
1 5
2 5
1 5
1 5
1 5
Case #158:
1 1
3 3
2 3
2 3
Case #159:
1 1
2 2
Case #160:
1 9
1 9
1 9
1 9
1 9
1 9
1 9
1 9
1 9
2 9
1 9
1 9
1 9
1 9
1 9
1 9
Case #161:
1 5
1 5
1 5
1 5
1 5
1 5
3 5
1 5
Case #162:
1 1
3 3
2 3
2 3
Case #163:
1 9
1 9
1 9
1 9
1 9
1 9
1 9
1 9
1 9
1 9
1 9
1 9
1 9
1 9
1 9
2 9
Case #164:
1 5
1 5
1 5
1 5
1 5
1 5
3 5
2 5
Case #165:
1 5
1 5
2 5
2 5
1 5
1 5
1 5
1 5
Case #166:
1 1
2 2
Case #167:
1 1
2 2
Case #168:
2 9
1 9
1 9
1 9
1 9
1 9
1 9
1 9
1 9
1 9
1 9
1 9
1 9
1 9
1 9
1 9
Case #169:
2 3
2 3
1 3
1 3
Case #170:
1 1
2 2
Case #171:
2 5
2 5
2 5
1 5
1 5
1 5
2 5
2 5
Case #172:
1 5
1 5
1 5
3 5
1 5
1 5
2 5
1 5
Case #173:
1 9
1 9
1 9
1 9
1 9
1 9
1 9
1 9
1 9
1 9
1 9
1 9
1 9
1 9
1 9
1 9
Case #174:
1 1
2 2
Case #175:
2 5
1 5
1 5
2 5
1 5
1 5
1 5
1 5
Case #176:
3 3
1 1
2 3
2 3
Case #177:
1 9
1 9
1 9
1 9
1 9
1 9
1 9
1 9
1 9
1 9
1 9
1 9
1 9
1 9
1 9
1 9
Case #178:
1 5
1 5
1 5
1 5
1 5
2 5
1 5
1 5
Case #179:
1 9
1 9
1 9
1 9
1 9
1 9
1 9
1 9
1 9
1 9
1 9
1 9
1 9
1 9
1 9
1 9
Case #180:
1 1
2 2
Case #181:
1 3
1 3
2 3
2 3
Case #182:
1 9
1 9
1 9
1 9
1 9
1 9
1 9
1 9
1 9
1 9
1 9
1 9
1 9
1 9
1 9
1 9
Case #183:
1 1
2 2
Case #184:
2 2
1 1
Case #185:
1 5
1 5
1 5
1 5
1 5
3 5
2 5
1 5
Case #186:
2 5
3 5
2 5
1 1
2 5
2 5
2 5
2 5
Case #187:
1 9
1 9
1 9
1 9
1 9
1 9
1 9
1 9
1 9
1 9
1 9
1 9
1 9
1 9
2 9
1 9
Case #188:
1 9
1 9
2 9
1 9
1 9
1 9
1 9
1 9
1 9
1 9
1 9
1 9
1 9
1 9
1 9
1 9
Case #189:
2 2
1 1
Case #190:
1 5
1 5
1 5
2 5
1 5
1 5
1 5
1 5
Case #191:
1 9
1 9
1 9
2 9
1 9
1 9
1 9
1 9
1 9
1 9
1 9
1 9
1 9
1 9
1 9
1 9
Case #192:
1 1
Case #193:
2 3
1 3
1 3
2 3
Case #194:
2 2
1 1
Case #195:
2 2
1 1
Case #196:
1 3
2 3
1 3
2 3
Case #197:
1 1
2 2
Case #198:
2 3
2 3
1 3
1 3
Case #199:
1 1
2 2
Case #200:
1 5
1 5
1 5
1 5
1 5
2 5
1 5
3 5
Case #201:
2 2
1 1
Case #202:
1 9
1 9
1 9
1 9
1 9
1 9
1 9
1 9
1 9
1 9
1 9
1 9
1 9
1 9
1 9
1 9
Case #203:
1 3
2 3
2 3
1 3
Case #204:
1 1
2 3
3 3
2 3
Case #205:
1 9
1 9
1 9
1 9
1 9
1 9
1 9
1 9
1 9
1 9
1 9
1 9
1 9
1 9
1 9
1 9
Case #206:
1 5
2 5
1 5
1 5
1 5
1 5
5 5
1 5
Case #207:
2 5
3 5
2 5
1 5
1 5
1 5
1 5
2 5
Case #208:
1 5
1 5
1 5
1 5
1 5
1 5
1 5
2 5
Case #209:
1 9
1 9
1 9
1 9
1 9
1 9
1 9
1 9
1 9
1 9
1 9
1 9
1 9
1 9
2 9
1 9
Case #210:
1 3
2 3
1 3
2 3
Case #211:
1 1
2 2
Case #212:
1 3
2 3
1 3
2 3
Case #213:
2 3
1 1
2 3
2 3
Case #214:
2 5
1 5
1 5
1 5
1 5
1 5
1 5
1 5
Case #215:
1 5
1 5
3 5
1 5
1 5
2 5
1 5
1 5
Case #216:
1 5
1 5
1 5
1 5
1 5
1 5
1 5
2 5
Case #217:
1 9
1 9
1 9
1 9
1 9
1 9
1 9
1 9
1 9
1 9
1 9
1 9
1 9
1 9
1 9
1 9
Case #218:
1 5
1 5
2 5
1 5
1 5
1 5
1 5
1 5
Case #219:
2 2
1 1
Case #220:
1 1
2 2
Case #221:
1 5
1 5
1 5
1 5
1 5
2 5
1 5
2 5
Case #222:
1 9
1 9
1 9
1 9
1 9
1 9
1 9
1 9
1 9
1 9
1 9
1 9
1 9
1 9
1 9
1 9
Case #223:
1 5
1 5
1 5
1 5
2 5
2 5
1 5
2 5
Case #224:
2 3
1 3
2 3
1 3
Case #225:
1 5
1 5
3 5
1 5
1 5
2 5
1 5
2 5
Case #226:
2 3
1 1
2 3
2 3
Case #227:
1 5
1 5
1 5
1 5
1 5
2 5
1 5
1 5
Case #228:
2 3
2 3
1 3
1 3
Case #229:
3 3
1 3
1 3
1 3
Case #230:
2 5
1 5
1 5
1 5
1 5
1 5
1 5
1 5
Case #231:
1 9
1 9
1 9
1 9
1 9
1 9
1 9
1 9
1 9
1 9
1 9
1 9
3 9
1 9
1 9
1 9
Case #232:
2 3
2 3
2 3
1 1
Case #233:
2 3
3 3
2 3
1 1
Case #234:
2 5
1 5
1 5
1 5
5 5
1 5
1 5
1 5
Case #235:
3 3
1 3
1 3
1 3
Case #236:
1 5
1 5
1 5
1 5
5 5
1 5
1 5
1 5
Case #237:
2 2
1 1
Case #238:
1 9
1 9
1 9
2 9
1 9
1 9
1 9
1 9
1 9
1 9
1 9
1 9
1 9
3 9
1 9
1 9
Case #239:
1 5
1 5
2 5
1 5
1 5
1 5
2 5
1 5
Case #240:
2 3
1 1
3 3
2 3
Case #241:
1 3
2 3
1 3
2 3
Case #242:
1 3
1 3
1 3
3 3
Case #243:
1 1
2 2
Case #244:
1 3
1 3
3 3
1 3
Case #245:
3 3
1 1
2 3
2 3
Case #246:
2 2
1 1
Case #247:
2 3
1 3
2 3
1 3
Case #248:
1 9
1 9
1 9
1 9
1 9
1 9
1 9
1 9
1 9
1 9
1 9
1 9
1 9
1 9
1 9
1 9
Case #249:
1 3
1 3
2 3
2 3
Case #250:
2 3
2 3
1 3
1 3
