a(1,2,3,4,5,6,7,8,9,10,11,12,13,14,15)
{
	if(15)
	if(14)
	if(13)
	if(12)
	if(11)
	if(10)
	if(9)
	if(8)
	if(7)
	if(6)
	if(5)
	if(4)
	if(3)
	if(2)
	if(1){}
	else {1++a(1,2,3,4,5,6,7,8,9,10,11,12,13,14,15)}
	else {2++a(1,2,3,4,5,6,7,8,9,10,11,12,13,14,15)}
	else {3++a(1,2,3,4,5,6,7,8,9,10,11,12,13,14,15)}
	else {4++a(1,2,3,4,5,6,7,8,9,10,11,12,13,14,15)}
	else {5++a(1,2,3,4,5,6,7,8,9,10,11,12,13,14,15)}
	else {6++a(1,2,3,4,5,6,7,8,9,10,11,12,13,14,15)}
	else {7++a(1,2,3,4,5,6,7,8,9,10,11,12,13,14,15)}
	else {8++a(1,2,3,4,5,6,7,8,9,10,11,12,13,14,15)}
	else {9++a(1,2,3,4,5,6,7,8,9,10,11,12,13,14,15)}
	else {10++a(1,2,3,4,5,6,7,8,9,10,11,12,13,14,15)}
	else {11++a(1,2,3,4,5,6,7,8,9,10,11,12,13,14,15)}
	else {12++a(1,2,3,4,5,6,7,8,9,10,11,12,13,14,15)}
	else {13++a(1,2,3,4,5,6,7,8,9,10,11,12,13,14,15)}
	else {14++a(1,2,3,4,5,6,7,8,9,10,11,12,13,14,15)}
	else {15++a(1,2,3,4,5,6,7,8,9,10,11,12,13,14,15)}
}
b(1,2,3,4,5,6,7,8,9,10,11,12,13,14,15)
{
	if(15)
	if(14)
	if(13)
	if(12)
	if(11)
	if(10)
	if(9)
	if(8)
	if(7)
	if(6)
	if(5)
	if(4)
	if(3)
	if(2)
	if(1){}
	else {1++b(1,2,3,4,5,6,7,8,9,10,11,12,13,14,15)}
	else {2++b(1,2,3,4,5,6,7,8,9,10,11,12,13,14,15)}
	else {3++b(1,2,3,4,5,6,7,8,9,10,11,12,13,14,15)}
	else {4++b(1,2,3,4,5,6,7,8,9,10,11,12,13,14,15)}
	else {5++b(1,2,3,4,5,6,7,8,9,10,11,12,13,14,15)}
	else {6++b(1,2,3,4,5,6,7,8,9,10,11,12,13,14,15)}
	else {7++b(1,2,3,4,5,6,7,8,9,10,11,12,13,14,15)}
	else {8++b(1,2,3,4,5,6,7,8,9,10,11,12,13,14,15)}
	else {9++b(1,2,3,4,5,6,7,8,9,10,11,12,13,14,15)}
	else {10++b(1,2,3,4,5,6,7,8,9,10,11,12,13,14,15)}
	else {11++b(1,2,3,4,5,6,7,8,9,10,11,12,13,14,15)}
	else {12++b(1,2,3,4,5,6,7,8,9,10,11,12,13,14,15)}
	else {13++b(1,2,3,4,5,6,7,8,9,10,11,12,13,14,15)}
	else {14++b(1,2,3,4,5,6,7,8,9,10,11,12,13,14,15)}
	else {15++b(1,2,3,4,5,6,7,8,9,10,11,12,13,14,15)}
}
c(1,2,3,4,5,6,7,8,9,10,11,12,13,14,15)
{
	if(15)
	if(14)
	if(13)
	if(12)
	if(11)
	if(10)
	if(9)
	if(8)
	if(7)
	if(6)
	if(5)
	if(4)
	if(3)
	if(2)
	if(1){}
	else {1++c(1,2,3,4,5,6,7,8,9,10,11,12,13,14,15)}
	else {2++c(1,2,3,4,5,6,7,8,9,10,11,12,13,14,15)}
	else {3++c(1,2,3,4,5,6,7,8,9,10,11,12,13,14,15)}
	else {4++c(1,2,3,4,5,6,7,8,9,10,11,12,13,14,15)}
	else {5++c(1,2,3,4,5,6,7,8,9,10,11,12,13,14,15)}
	else {6++c(1,2,3,4,5,6,7,8,9,10,11,12,13,14,15)}
	else {7++c(1,2,3,4,5,6,7,8,9,10,11,12,13,14,15)}
	else {8++c(1,2,3,4,5,6,7,8,9,10,11,12,13,14,15)}
	else {9++c(1,2,3,4,5,6,7,8,9,10,11,12,13,14,15)}
	else {10++c(1,2,3,4,5,6,7,8,9,10,11,12,13,14,15)}
	else {11++c(1,2,3,4,5,6,7,8,9,10,11,12,13,14,15)}
	else {12++c(1,2,3,4,5,6,7,8,9,10,11,12,13,14,15)}
	else {13++c(1,2,3,4,5,6,7,8,9,10,11,12,13,14,15)}
	else {14++c(1,2,3,4,5,6,7,8,9,10,11,12,13,14,15)}
	else {15++c(1,2,3,4,5,6,7,8,9,10,11,12,13,14,15)}
}
d(1,2,3,4,5,6,7,8,9,10,11,12,13,14,15)
{
	if(15)
	if(14)
	if(13)
	if(12)
	if(11)
	if(10)
	if(9)
	if(8)
	if(7)
	if(6)
	if(5)
	if(4)
	if(3)
	if(2)
	if(1){}
	else {1++d(1,2,3,4,5,6,7,8,9,10,11,12,13,14,15)}
	else {2++d(1,2,3,4,5,6,7,8,9,10,11,12,13,14,15)}
	else {3++d(1,2,3,4,5,6,7,8,9,10,11,12,13,14,15)}
	else {4++d(1,2,3,4,5,6,7,8,9,10,11,12,13,14,15)}
	else {5++d(1,2,3,4,5,6,7,8,9,10,11,12,13,14,15)}
	else {6++d(1,2,3,4,5,6,7,8,9,10,11,12,13,14,15)}
	else {7++d(1,2,3,4,5,6,7,8,9,10,11,12,13,14,15)}
	else {8++d(1,2,3,4,5,6,7,8,9,10,11,12,13,14,15)}
	else {9++d(1,2,3,4,5,6,7,8,9,10,11,12,13,14,15)}
	else {10++d(1,2,3,4,5,6,7,8,9,10,11,12,13,14,15)}
	else {11++d(1,2,3,4,5,6,7,8,9,10,11,12,13,14,15)}
	else {12++d(1,2,3,4,5,6,7,8,9,10,11,12,13,14,15)}
	else {13++d(1,2,3,4,5,6,7,8,9,10,11,12,13,14,15)}
	else {14++d(1,2,3,4,5,6,7,8,9,10,11,12,13,14,15)}
	else {15++d(1,2,3,4,5,6,7,8,9,10,11,12,13,14,15)}
}
e(1,2,3,4,5,6,7,8,9,10,11,12,13,14,15)
{
	if(15)
	if(14)
	if(13)
	if(12)
	if(11)
	if(10)
	if(9)
	if(8)
	if(7)
	if(6)
	if(5)
	if(4)
	if(3)
	if(2)
	if(1){}
	else {1++e(1,2,3,4,5,6,7,8,9,10,11,12,13,14,15)}
	else {2++e(1,2,3,4,5,6,7,8,9,10,11,12,13,14,15)}
	else {3++e(1,2,3,4,5,6,7,8,9,10,11,12,13,14,15)}
	else {4++e(1,2,3,4,5,6,7,8,9,10,11,12,13,14,15)}
	else {5++e(1,2,3,4,5,6,7,8,9,10,11,12,13,14,15)}
	else {6++e(1,2,3,4,5,6,7,8,9,10,11,12,13,14,15)}
	else {7++e(1,2,3,4,5,6,7,8,9,10,11,12,13,14,15)}
	else {8++e(1,2,3,4,5,6,7,8,9,10,11,12,13,14,15)}
	else {9++e(1,2,3,4,5,6,7,8,9,10,11,12,13,14,15)}
	else {10++e(1,2,3,4,5,6,7,8,9,10,11,12,13,14,15)}
	else {11++e(1,2,3,4,5,6,7,8,9,10,11,12,13,14,15)}
	else {12++e(1,2,3,4,5,6,7,8,9,10,11,12,13,14,15)}
	else {13++e(1,2,3,4,5,6,7,8,9,10,11,12,13,14,15)}
	else {14++e(1,2,3,4,5,6,7,8,9,10,11,12,13,14,15)}
	else {15++e(1,2,3,4,5,6,7,8,9,10,11,12,13,14,15)}
}
f(1,2,3,4,5,6,7,8,9,10,11,12,13,14,15)
{
	if(15)
	if(14)
	if(13)
	if(12)
	if(11)
	if(10)
	if(9)
	if(8)
	if(7)
	if(6)
	if(5)
	if(4)
	if(3)
	if(2)
	if(1){}
	else {1++f(1,2,3,4,5,6,7,8,9,10,11,12,13,14,15)}
	else {2++f(1,2,3,4,5,6,7,8,9,10,11,12,13,14,15)}
	else {3++f(1,2,3,4,5,6,7,8,9,10,11,12,13,14,15)}
	else {4++f(1,2,3,4,5,6,7,8,9,10,11,12,13,14,15)}
	else {5++f(1,2,3,4,5,6,7,8,9,10,11,12,13,14,15)}
	else {6++f(1,2,3,4,5,6,7,8,9,10,11,12,13,14,15)}
	else {7++f(1,2,3,4,5,6,7,8,9,10,11,12,13,14,15)}
	else {8++f(1,2,3,4,5,6,7,8,9,10,11,12,13,14,15)}
	else {9++f(1,2,3,4,5,6,7,8,9,10,11,12,13,14,15)}
	else {10++f(1,2,3,4,5,6,7,8,9,10,11,12,13,14,15)}
	else {11++f(1,2,3,4,5,6,7,8,9,10,11,12,13,14,15)}
	else {12++f(1,2,3,4,5,6,7,8,9,10,11,12,13,14,15)}
	else {13++f(1,2,3,4,5,6,7,8,9,10,11,12,13,14,15)}
	else {14++f(1,2,3,4,5,6,7,8,9,10,11,12,13,14,15)}
	else {15++f(1,2,3,4,5,6,7,8,9,10,11,12,13,14,15)}
}
g(1,2,3,4,5,6,7,8,9,10,11,12,13,14,15)
{
	if(15)
	if(14)
	if(13)
	if(12)
	if(11)
	if(10)
	if(9)
	if(8)
	if(7)
	if(6)
	if(5)
	if(4)
	if(3)
	if(2)
	if(1){}
	else {1++g(1,2,3,4,5,6,7,8,9,10,11,12,13,14,15)}
	else {2++g(1,2,3,4,5,6,7,8,9,10,11,12,13,14,15)}
	else {3++g(1,2,3,4,5,6,7,8,9,10,11,12,13,14,15)}
	else {4++g(1,2,3,4,5,6,7,8,9,10,11,12,13,14,15)}
	else {5++g(1,2,3,4,5,6,7,8,9,10,11,12,13,14,15)}
	else {6++g(1,2,3,4,5,6,7,8,9,10,11,12,13,14,15)}
	else {7++g(1,2,3,4,5,6,7,8,9,10,11,12,13,14,15)}
	else {8++g(1,2,3,4,5,6,7,8,9,10,11,12,13,14,15)}
	else {9++g(1,2,3,4,5,6,7,8,9,10,11,12,13,14,15)}
	else {10++g(1,2,3,4,5,6,7,8,9,10,11,12,13,14,15)}
	else {11++g(1,2,3,4,5,6,7,8,9,10,11,12,13,14,15)}
	else {12++g(1,2,3,4,5,6,7,8,9,10,11,12,13,14,15)}
	else {13++g(1,2,3,4,5,6,7,8,9,10,11,12,13,14,15)}
	else {14++g(1,2,3,4,5,6,7,8,9,10,11,12,13,14,15)}
	else {15++g(1,2,3,4,5,6,7,8,9,10,11,12,13,14,15)}
}
h(1,2,3,4,5,6,7,8,9,10,11,12,13,14,15)
{
	if(15)
	if(14)
	if(13)
	if(12)
	if(11)
	if(10)
	if(9)
	if(8)
	if(7)
	if(6)
	if(5)
	if(4)
	if(3)
	if(2)
	if(1){}
	else {1++h(1,2,3,4,5,6,7,8,9,10,11,12,13,14,15)}
	else {2++h(1,2,3,4,5,6,7,8,9,10,11,12,13,14,15)}
	else {3++h(1,2,3,4,5,6,7,8,9,10,11,12,13,14,15)}
	else {4++h(1,2,3,4,5,6,7,8,9,10,11,12,13,14,15)}
	else {5++h(1,2,3,4,5,6,7,8,9,10,11,12,13,14,15)}
	else {6++h(1,2,3,4,5,6,7,8,9,10,11,12,13,14,15)}
	else {7++h(1,2,3,4,5,6,7,8,9,10,11,12,13,14,15)}
	else {8++h(1,2,3,4,5,6,7,8,9,10,11,12,13,14,15)}
	else {9++h(1,2,3,4,5,6,7,8,9,10,11,12,13,14,15)}
	else {10++h(1,2,3,4,5,6,7,8,9,10,11,12,13,14,15)}
	else {11++h(1,2,3,4,5,6,7,8,9,10,11,12,13,14,15)}
	else {12++h(1,2,3,4,5,6,7,8,9,10,11,12,13,14,15)}
	else {13++h(1,2,3,4,5,6,7,8,9,10,11,12,13,14,15)}
	else {14++h(1,2,3,4,5,6,7,8,9,10,11,12,13,14,15)}
	else {15++h(1,2,3,4,5,6,7,8,9,10,11,12,13,14,15)}
}
i(1,2,3,4,5,6,7,8,9,10,11,12,13,14,15)
{
	if(15)
	if(14)
	if(13)
	if(12)
	if(11)
	if(10)
	if(9)
	if(8)
	if(7)
	if(6)
	if(5)
	if(4)
	if(3)
	if(2)
	if(1){}
	else {1++i(1,2,3,4,5,6,7,8,9,10,11,12,13,14,15)}
	else {2++i(1,2,3,4,5,6,7,8,9,10,11,12,13,14,15)}
	else {3++i(1,2,3,4,5,6,7,8,9,10,11,12,13,14,15)}
	else {4++i(1,2,3,4,5,6,7,8,9,10,11,12,13,14,15)}
	else {5++i(1,2,3,4,5,6,7,8,9,10,11,12,13,14,15)}
	else {6++i(1,2,3,4,5,6,7,8,9,10,11,12,13,14,15)}
	else {7++i(1,2,3,4,5,6,7,8,9,10,11,12,13,14,15)}
	else {8++i(1,2,3,4,5,6,7,8,9,10,11,12,13,14,15)}
	else {9++i(1,2,3,4,5,6,7,8,9,10,11,12,13,14,15)}
	else {10++i(1,2,3,4,5,6,7,8,9,10,11,12,13,14,15)}
	else {11++i(1,2,3,4,5,6,7,8,9,10,11,12,13,14,15)}
	else {12++i(1,2,3,4,5,6,7,8,9,10,11,12,13,14,15)}
	else {13++i(1,2,3,4,5,6,7,8,9,10,11,12,13,14,15)}
	else {14++i(1,2,3,4,5,6,7,8,9,10,11,12,13,14,15)}
	else {15++i(1,2,3,4,5,6,7,8,9,10,11,12,13,14,15)}
}
j(1,2,3,4,5,6,7,8,9,10,11,12,13,14,15)
{
	if(15)
	if(14)
	if(13)
	if(12)
	if(11)
	if(10)
	if(9)
	if(8)
	if(7)
	if(6)
	if(5)
	if(4)
	if(3)
	if(2)
	if(1){}
	else {1++j(1,2,3,4,5,6,7,8,9,10,11,12,13,14,15)}
	else {2++j(1,2,3,4,5,6,7,8,9,10,11,12,13,14,15)}
	else {3++j(1,2,3,4,5,6,7,8,9,10,11,12,13,14,15)}
	else {4++j(1,2,3,4,5,6,7,8,9,10,11,12,13,14,15)}
	else {5++j(1,2,3,4,5,6,7,8,9,10,11,12,13,14,15)}
	else {6++j(1,2,3,4,5,6,7,8,9,10,11,12,13,14,15)}
	else {7++j(1,2,3,4,5,6,7,8,9,10,11,12,13,14,15)}
	else {8++j(1,2,3,4,5,6,7,8,9,10,11,12,13,14,15)}
	else {9++j(1,2,3,4,5,6,7,8,9,10,11,12,13,14,15)}
	else {10++j(1,2,3,4,5,6,7,8,9,10,11,12,13,14,15)}
	else {11++j(1,2,3,4,5,6,7,8,9,10,11,12,13,14,15)}
	else {12++j(1,2,3,4,5,6,7,8,9,10,11,12,13,14,15)}
	else {13++j(1,2,3,4,5,6,7,8,9,10,11,12,13,14,15)}
	else {14++j(1,2,3,4,5,6,7,8,9,10,11,12,13,14,15)}
	else {15++j(1,2,3,4,5,6,7,8,9,10,11,12,13,14,15)}
}
k(1,2,3,4,5,6,7,8,9,10,11,12,13,14,15)
{
	if(15)
	if(14)
	if(13)
	if(12)
	if(11)
	if(10)
	if(9)
	if(8)
	if(7)
	if(6)
	if(5)
	if(4)
	if(3)
	if(2)
	if(1){}
	else {1++k(1,2,3,4,5,6,7,8,9,10,11,12,13,14,15)}
	else {2++k(1,2,3,4,5,6,7,8,9,10,11,12,13,14,15)}
	else {3++k(1,2,3,4,5,6,7,8,9,10,11,12,13,14,15)}
	else {4++k(1,2,3,4,5,6,7,8,9,10,11,12,13,14,15)}
	else {5++k(1,2,3,4,5,6,7,8,9,10,11,12,13,14,15)}
	else {6++k(1,2,3,4,5,6,7,8,9,10,11,12,13,14,15)}
	else {7++k(1,2,3,4,5,6,7,8,9,10,11,12,13,14,15)}
	else {8++k(1,2,3,4,5,6,7,8,9,10,11,12,13,14,15)}
	else {9++k(1,2,3,4,5,6,7,8,9,10,11,12,13,14,15)}
	else {10++k(1,2,3,4,5,6,7,8,9,10,11,12,13,14,15)}
	else {11++k(1,2,3,4,5,6,7,8,9,10,11,12,13,14,15)}
	else {12++k(1,2,3,4,5,6,7,8,9,10,11,12,13,14,15)}
	else {13++k(1,2,3,4,5,6,7,8,9,10,11,12,13,14,15)}
	else {14++k(1,2,3,4,5,6,7,8,9,10,11,12,13,14,15)}
	else {15++k(1,2,3,4,5,6,7,8,9,10,11,12,13,14,15)}
}
l(1,2,3,4,5,6,7,8,9,10,11,12,13,14,15)
{
	if(15)
	if(14)
	if(13)
	if(12)
	if(11)
	if(10)
	if(9)
	if(8)
	if(7)
	if(6)
	if(5)
	if(4)
	if(3)
	if(2)
	if(1){}
	else {1++l(1,2,3,4,5,6,7,8,9,10,11,12,13,14,15)}
	else {2++l(1,2,3,4,5,6,7,8,9,10,11,12,13,14,15)}
	else {3++l(1,2,3,4,5,6,7,8,9,10,11,12,13,14,15)}
	else {4++l(1,2,3,4,5,6,7,8,9,10,11,12,13,14,15)}
	else {5++l(1,2,3,4,5,6,7,8,9,10,11,12,13,14,15)}
	else {6++l(1,2,3,4,5,6,7,8,9,10,11,12,13,14,15)}
	else {7++l(1,2,3,4,5,6,7,8,9,10,11,12,13,14,15)}
	else {8++l(1,2,3,4,5,6,7,8,9,10,11,12,13,14,15)}
	else {9++l(1,2,3,4,5,6,7,8,9,10,11,12,13,14,15)}
	else {10++l(1,2,3,4,5,6,7,8,9,10,11,12,13,14,15)}
	else {11++l(1,2,3,4,5,6,7,8,9,10,11,12,13,14,15)}
	else {12++l(1,2,3,4,5,6,7,8,9,10,11,12,13,14,15)}
	else {13++l(1,2,3,4,5,6,7,8,9,10,11,12,13,14,15)}
	else {14++l(1,2,3,4,5,6,7,8,9,10,11,12,13,14,15)}
	else {15++l(1,2,3,4,5,6,7,8,9,10,11,12,13,14,15)}
}
m(1,2,3,4,5,6,7,8,9,10,11,12,13,14,15)
{
	if(15)
	if(14)
	if(13)
	if(12)
	if(11)
	if(10)
	if(9)
	if(8)
	if(7)
	if(6)
	if(5)
	if(4)
	if(3)
	if(2)
	if(1){}
	else {1++m(1,2,3,4,5,6,7,8,9,10,11,12,13,14,15)}
	else {2++m(1,2,3,4,5,6,7,8,9,10,11,12,13,14,15)}
	else {3++m(1,2,3,4,5,6,7,8,9,10,11,12,13,14,15)}
	else {4++m(1,2,3,4,5,6,7,8,9,10,11,12,13,14,15)}
	else {5++m(1,2,3,4,5,6,7,8,9,10,11,12,13,14,15)}
	else {6++m(1,2,3,4,5,6,7,8,9,10,11,12,13,14,15)}
	else {7++m(1,2,3,4,5,6,7,8,9,10,11,12,13,14,15)}
	else {8++m(1,2,3,4,5,6,7,8,9,10,11,12,13,14,15)}
	else {9++m(1,2,3,4,5,6,7,8,9,10,11,12,13,14,15)}
	else {10++m(1,2,3,4,5,6,7,8,9,10,11,12,13,14,15)}
	else {11++m(1,2,3,4,5,6,7,8,9,10,11,12,13,14,15)}
	else {12++m(1,2,3,4,5,6,7,8,9,10,11,12,13,14,15)}
	else {13++m(1,2,3,4,5,6,7,8,9,10,11,12,13,14,15)}
	else {14++m(1,2,3,4,5,6,7,8,9,10,11,12,13,14,15)}
	else {15++m(1,2,3,4,5,6,7,8,9,10,11,12,13,14,15)}
}
n(1,2,3,4,5,6,7,8,9,10,11,12,13,14,15)
{
	if(15)
	if(14)
	if(13)
	if(12)
	if(11)
	if(10)
	if(9)
	if(8)
	if(7)
	if(6)
	if(5)
	if(4)
	if(3)
	if(2)
	if(1){}
	else {1++n(1,2,3,4,5,6,7,8,9,10,11,12,13,14,15)}
	else {2++n(1,2,3,4,5,6,7,8,9,10,11,12,13,14,15)}
	else {3++n(1,2,3,4,5,6,7,8,9,10,11,12,13,14,15)}
	else {4++n(1,2,3,4,5,6,7,8,9,10,11,12,13,14,15)}
	else {5++n(1,2,3,4,5,6,7,8,9,10,11,12,13,14,15)}
	else {6++n(1,2,3,4,5,6,7,8,9,10,11,12,13,14,15)}
	else {7++n(1,2,3,4,5,6,7,8,9,10,11,12,13,14,15)}
	else {8++n(1,2,3,4,5,6,7,8,9,10,11,12,13,14,15)}
	else {9++n(1,2,3,4,5,6,7,8,9,10,11,12,13,14,15)}
	else {10++n(1,2,3,4,5,6,7,8,9,10,11,12,13,14,15)}
	else {11++n(1,2,3,4,5,6,7,8,9,10,11,12,13,14,15)}
	else {12++n(1,2,3,4,5,6,7,8,9,10,11,12,13,14,15)}
	else {13++n(1,2,3,4,5,6,7,8,9,10,11,12,13,14,15)}
	else {14++n(1,2,3,4,5,6,7,8,9,10,11,12,13,14,15)}
	else {15++n(1,2,3,4,5,6,7,8,9,10,11,12,13,14,15)}
}
o(1,2,3,4,5,6,7,8,9,10,11,12,13,14,15)
{
	if(15)
	if(14)
	if(13)
	if(12)
	if(11)
	if(10)
	if(9)
	if(8)
	if(7)
	if(6)
	if(5)
	if(4)
	if(3)
	if(2)
	if(1){}
	else {1++o(1,2,3,4,5,6,7,8,9,10,11,12,13,14,15)}
	else {2++o(1,2,3,4,5,6,7,8,9,10,11,12,13,14,15)}
	else {3++o(1,2,3,4,5,6,7,8,9,10,11,12,13,14,15)}
	else {4++o(1,2,3,4,5,6,7,8,9,10,11,12,13,14,15)}
	else {5++o(1,2,3,4,5,6,7,8,9,10,11,12,13,14,15)}
	else {6++o(1,2,3,4,5,6,7,8,9,10,11,12,13,14,15)}
	else {7++o(1,2,3,4,5,6,7,8,9,10,11,12,13,14,15)}
	else {8++o(1,2,3,4,5,6,7,8,9,10,11,12,13,14,15)}
	else {9++o(1,2,3,4,5,6,7,8,9,10,11,12,13,14,15)}
	else {10++o(1,2,3,4,5,6,7,8,9,10,11,12,13,14,15)}
	else {11++o(1,2,3,4,5,6,7,8,9,10,11,12,13,14,15)}
	else {12++o(1,2,3,4,5,6,7,8,9,10,11,12,13,14,15)}
	else {13++o(1,2,3,4,5,6,7,8,9,10,11,12,13,14,15)}
	else {14++o(1,2,3,4,5,6,7,8,9,10,11,12,13,14,15)}
	else {15++o(1,2,3,4,5,6,7,8,9,10,11,12,13,14,15)}
}
p(1,2,3,4,5,6,7,8,9,10,11,12,13,14,15)
{
	if(15)
	if(14)
	if(13)
	if(12)
	if(11)
	if(10)
	if(9)
	if(8)
	if(7)
	if(6)
	if(5)
	if(4)
	if(3)
	if(2)
	if(1){}
	else {1++p(1,2,3,4,5,6,7,8,9,10,11,12,13,14,15)}
	else {2++p(1,2,3,4,5,6,7,8,9,10,11,12,13,14,15)}
	else {3++p(1,2,3,4,5,6,7,8,9,10,11,12,13,14,15)}
	else {4++p(1,2,3,4,5,6,7,8,9,10,11,12,13,14,15)}
	else {5++p(1,2,3,4,5,6,7,8,9,10,11,12,13,14,15)}
	else {6++p(1,2,3,4,5,6,7,8,9,10,11,12,13,14,15)}
	else {7++p(1,2,3,4,5,6,7,8,9,10,11,12,13,14,15)}
	else {8++p(1,2,3,4,5,6,7,8,9,10,11,12,13,14,15)}
	else {9++p(1,2,3,4,5,6,7,8,9,10,11,12,13,14,15)}
	else {10++p(1,2,3,4,5,6,7,8,9,10,11,12,13,14,15)}
	else {11++p(1,2,3,4,5,6,7,8,9,10,11,12,13,14,15)}
	else {12++p(1,2,3,4,5,6,7,8,9,10,11,12,13,14,15)}
	else {13++p(1,2,3,4,5,6,7,8,9,10,11,12,13,14,15)}
	else {14++p(1,2,3,4,5,6,7,8,9,10,11,12,13,14,15)}
	else {15++p(1,2,3,4,5,6,7,8,9,10,11,12,13,14,15)}
}
q(1,2,3,4,5,6,7,8,9,10,11,12,13,14,15)
{
	if(15)
	if(14)
	if(13)
	if(12)
	if(11)
	if(10)
	if(9)
	if(8)
	if(7)
	if(6)
	if(5)
	if(4)
	if(3)
	if(2)
	if(1){}
	else {1++q(1,2,3,4,5,6,7,8,9,10,11,12,13,14,15)}
	else {2++q(1,2,3,4,5,6,7,8,9,10,11,12,13,14,15)}
	else {3++q(1,2,3,4,5,6,7,8,9,10,11,12,13,14,15)}
	else {4++q(1,2,3,4,5,6,7,8,9,10,11,12,13,14,15)}
	else {5++q(1,2,3,4,5,6,7,8,9,10,11,12,13,14,15)}
	else {6++q(1,2,3,4,5,6,7,8,9,10,11,12,13,14,15)}
	else {7++q(1,2,3,4,5,6,7,8,9,10,11,12,13,14,15)}
	else {8++q(1,2,3,4,5,6,7,8,9,10,11,12,13,14,15)}
	else {9++q(1,2,3,4,5,6,7,8,9,10,11,12,13,14,15)}
	else {10++q(1,2,3,4,5,6,7,8,9,10,11,12,13,14,15)}
	else {11++q(1,2,3,4,5,6,7,8,9,10,11,12,13,14,15)}
	else {12++q(1,2,3,4,5,6,7,8,9,10,11,12,13,14,15)}
	else {13++q(1,2,3,4,5,6,7,8,9,10,11,12,13,14,15)}
	else {14++q(1,2,3,4,5,6,7,8,9,10,11,12,13,14,15)}
	else {15++q(1,2,3,4,5,6,7,8,9,10,11,12,13,14,15)}
}
r(1,2,3,4,5,6,7,8,9,10,11,12,13,14,15)
{
	if(15)
	if(14)
	if(13)
	if(12)
	if(11)
	if(10)
	if(9)
	if(8)
	if(7)
	if(6)
	if(5)
	if(4)
	if(3)
	if(2)
	if(1){}
	else {1++r(1,2,3,4,5,6,7,8,9,10,11,12,13,14,15)}
	else {2++r(1,2,3,4,5,6,7,8,9,10,11,12,13,14,15)}
	else {3++r(1,2,3,4,5,6,7,8,9,10,11,12,13,14,15)}
	else {4++r(1,2,3,4,5,6,7,8,9,10,11,12,13,14,15)}
	else {5++r(1,2,3,4,5,6,7,8,9,10,11,12,13,14,15)}
	else {6++r(1,2,3,4,5,6,7,8,9,10,11,12,13,14,15)}
	else {7++r(1,2,3,4,5,6,7,8,9,10,11,12,13,14,15)}
	else {8++r(1,2,3,4,5,6,7,8,9,10,11,12,13,14,15)}
	else {9++r(1,2,3,4,5,6,7,8,9,10,11,12,13,14,15)}
	else {10++r(1,2,3,4,5,6,7,8,9,10,11,12,13,14,15)}
	else {11++r(1,2,3,4,5,6,7,8,9,10,11,12,13,14,15)}
	else {12++r(1,2,3,4,5,6,7,8,9,10,11,12,13,14,15)}
	else {13++r(1,2,3,4,5,6,7,8,9,10,11,12,13,14,15)}
	else {14++r(1,2,3,4,5,6,7,8,9,10,11,12,13,14,15)}
	else {15++r(1,2,3,4,5,6,7,8,9,10,11,12,13,14,15)}
}
s(1,2,3,4,5,6,7,8,9,10,11,12,13,14,15)
{
	if(15)
	if(14)
	if(13)
	if(12)
	if(11)
	if(10)
	if(9)
	if(8)
	if(7)
	if(6)
	if(5)
	if(4)
	if(3)
	if(2)
	if(1){}
	else {1++s(1,2,3,4,5,6,7,8,9,10,11,12,13,14,15)}
	else {2++s(1,2,3,4,5,6,7,8,9,10,11,12,13,14,15)}
	else {3++s(1,2,3,4,5,6,7,8,9,10,11,12,13,14,15)}
	else {4++s(1,2,3,4,5,6,7,8,9,10,11,12,13,14,15)}
	else {5++s(1,2,3,4,5,6,7,8,9,10,11,12,13,14,15)}
	else {6++s(1,2,3,4,5,6,7,8,9,10,11,12,13,14,15)}
	else {7++s(1,2,3,4,5,6,7,8,9,10,11,12,13,14,15)}
	else {8++s(1,2,3,4,5,6,7,8,9,10,11,12,13,14,15)}
	else {9++s(1,2,3,4,5,6,7,8,9,10,11,12,13,14,15)}
	else {10++s(1,2,3,4,5,6,7,8,9,10,11,12,13,14,15)}
	else {11++s(1,2,3,4,5,6,7,8,9,10,11,12,13,14,15)}
	else {12++s(1,2,3,4,5,6,7,8,9,10,11,12,13,14,15)}
	else {13++s(1,2,3,4,5,6,7,8,9,10,11,12,13,14,15)}
	else {14++s(1,2,3,4,5,6,7,8,9,10,11,12,13,14,15)}
	else {15++s(1,2,3,4,5,6,7,8,9,10,11,12,13,14,15)}
}
t(1,2,3,4,5,6,7,8,9,10,11,12,13,14,15)
{
	if(15)
	if(14)
	if(13)
	if(12)
	if(11)
	if(10)
	if(9)
	if(8)
	if(7)
	if(6)
	if(5)
	if(4)
	if(3)
	if(2)
	if(1){}
	else {1++t(1,2,3,4,5,6,7,8,9,10,11,12,13,14,15)}
	else {2++t(1,2,3,4,5,6,7,8,9,10,11,12,13,14,15)}
	else {3++t(1,2,3,4,5,6,7,8,9,10,11,12,13,14,15)}
	else {4++t(1,2,3,4,5,6,7,8,9,10,11,12,13,14,15)}
	else {5++t(1,2,3,4,5,6,7,8,9,10,11,12,13,14,15)}
	else {6++t(1,2,3,4,5,6,7,8,9,10,11,12,13,14,15)}
	else {7++t(1,2,3,4,5,6,7,8,9,10,11,12,13,14,15)}
	else {8++t(1,2,3,4,5,6,7,8,9,10,11,12,13,14,15)}
	else {9++t(1,2,3,4,5,6,7,8,9,10,11,12,13,14,15)}
	else {10++t(1,2,3,4,5,6,7,8,9,10,11,12,13,14,15)}
	else {11++t(1,2,3,4,5,6,7,8,9,10,11,12,13,14,15)}
	else {12++t(1,2,3,4,5,6,7,8,9,10,11,12,13,14,15)}
	else {13++t(1,2,3,4,5,6,7,8,9,10,11,12,13,14,15)}
	else {14++t(1,2,3,4,5,6,7,8,9,10,11,12,13,14,15)}
	else {15++t(1,2,3,4,5,6,7,8,9,10,11,12,13,14,15)}
}
