500
124750
20708500
573031111
244685815
686579601
24331503
874428868
468777786
216989133
847697681
293680261
331997415
334481429
37198224
127571158
337908240
67204377
652237346
786308067
115612835
653570349
495940205
231811507
373691065
96279025
912453989
21097635
653727027
563514256
59732209
281700184
449566221
439630113
739075183
963054387
212357635
718989066
594178111
522902685
793542284
957997764
506115651
324882977
158814145
462183383
464494778
758669442
488134399
262972250
437990428
628032712
723748175
713248745
783798879
567687481
737776142
255772909
339858053
847956678
673785836
448257744
259315724
208140167
611524807
985049843
455397449
973339625
398300221
980962779
673436512
345892525
890986303
776366880
209763849
712495205
299973571
972933592
475670547
990716243
396306412
951858366
564780657
53732528
98267430
78848642
168314226
630838355
32644949
182411934
426251568
416705330
957158861
5996316
257205310
147584895
975508225
327855226
937351521
728779578
153582468
189013769
458519222
423385867
539626691
963703228
520552052
5342176
303615901
324671061
356952371
16557780
446233796
935898935
402234667
50520222
935040734
509496602
484266395
662545798
882375225
306723018
723100005
12973387
311023950
782809374
730477988
284908499
868108230
92831932
445403168
154195212
990555177
586072746
788908328
529055428
245081567
666410209
73672619
211398682
688677487
57994480
494839330
518455834
224622592
313294657
244260599
575837780
561710723
54403083
980404503
376060326
972999958
646954440
702233777
456863153
427776586
561565624
679593980
323384662
92862015
916544592
109153804
297468488
551208557
106354611
212709222
457334351
549319551
640145711
463439086
758554995
472867267
664526414
655060630
561901727
486192988
904720984
325810923
531029479
469223385
575177250
753586695
97211852
890372682
572405342
650990786
754043168
403499827
760465507
501279090
25496030
569185378
828556242
269426711
189669115
617560464
35963734
531965067
395607423
321802122
961479382
539511599
682524239
390376458
860005124
322905822
791400992
67411905
879127931
255673453
70234092
686513706
799202960
272428118
165009321
137615885
467638972
95315933
580835354
536804972
971930575
704917933
697599407
629055271
504381412
883286
290531305
393120153
858850270
848006808
500490649
888976371
668190985
96760855
799328931
611910706
516523174
210581887
641507805
297892235
851876404
3226793
318972485
802681457
575950289
454620944
818625401
298367872
515561345
298367872
818625401
454620944
575950289
802681457
318972485
3226793
851876404
297892235
641507805
210581887
516523174
611910706
799328931
96760855
668190985
888976371
500490649
848006808
858850270
393120153
290531305
883286
504381412
629055271
697599407
704917933
971930575
536804972
580835354
95315933
467638972
137615885
165009321
272428118
799202960
686513706
70234092
255673453
879127931
67411905
791400992
322905822
860005124
390376458
682524239
539511599
961479382
321802122
395607423
531965067
35963734
617560464
189669115
269426711
828556242
569185378
25496030
501279090
760465507
403499827
754043168
650990786
572405342
890372682
97211852
753586695
575177250
469223385
531029479
325810923
904720984
486192988
561901727
655060630
664526414
472867267
758554995
463439086
640145711
549319551
457334351
212709222
106354611
551208557
297468488
109153804
916544592
92862015
323384662
679593980
561565624
427776586
456863153
702233777
646954440
972999958
376060326
980404503
54403083
561710723
575837780
244260599
313294657
224622592
518455834
494839330
57994480
688677487
211398682
73672619
666410209
245081567
529055428
788908328
586072746
990555177
154195212
445403168
92831932
868108230
284908499
730477988
782809374
311023950
12973387
723100005
306723018
882375225
662545798
484266395
509496602
935040734
50520222
402234667
935898935
446233796
16557780
356952371
324671061
303615901
5342176
520552052
963703228
539626691
423385867
458519222
189013769
153582468
728779578
937351521
327855226
975508225
147584895
257205310
5996316
957158861
416705330
426251568
182411934
32644949
630838355
168314226
78848642
98267430
53732528
564780657
951858366
396306412
990716243
475670547
972933592
299973571
712495205
209763849
776366880
890986303
345892525
673436512
980962779
398300221
973339625
455397449
985049843
611524807
208140167
259315724
448257744
673785836
847956678
339858053
255772909
737776142
567687481
783798879
713248745
723748175
628032712
437990428
262972250
488134399
758669442
464494778
462183383
158814145
324882977
506115651
957997764
793542284
522902685
594178111
718989066
212357635
963054387
739075183
439630113
449566221
281700184
59732209
563514256
653727027
21097635
912453989
96279025
373691065
231811507
495940205
653570349
115612835
786308067
652237346
67204377
337908240
127571158
37198224
334481429
331997415
293680261
847697681
216989133
468777786
874428868
24331503
686579601
244685815
573031111
20708500
124750
500
1
0
0
0
0
0
0
0
0
0
0
0
0
0
0
0
0
0
0
0
0
0
0
0
0
0
0
0
0
0
0
0
0
0
0
0
0
0
0
0
0
0
0
0
0
0
0
0
0
0
0
0
0
0
0
0
0
0
0
0
0
0
0
0
0
0
0
0
0
0
0
0
0
0
0
0
0
0
0
0
0
0
0
0
0
0
0
0
0
0
0
0
0
0
0
0
0
0
0
0
0
0
0
0
0
0
0
0
0
0
0
0
0
0
0
0
0
0
0
0
0
0
0
0
0
0
0
0
0
0
0
0
0
0
0
0
0
0
0
0
0
0
0
0
0
0
0
0
0
0
0
0
0
0
0
0
0
0
0
0
0
0
0
0
0
0
0
0
0
0
0
0
0
0
0
0
0
0
0
0
0
0
0
0
0
0
0
0
0
0
0
0
0
0
0
0
0
0
0
0
0
0
0
0
0
0
0
0
0
0
0
0
0
0
0
0
0
0
0
0
0
0
0
0
0
0
0
0
0
0
0
0
0
0
0
0
0
0
0
0
0
0
0
0
0
0
0
0
0
0
0
0
0
0
0
0
0
0
0
0
0
0
0
0
0
0
0
0
0
0
0
0
0
0
0
0
0
0
0
0
0
0
0
0
0
0
0
0
0
0
0
0
0
0
0
0
0
0
0
0
0
0
0
0
0
0
0
0
0
0
0
0
0
0
0
0
0
0
0
0
0
0
0
0
0
0
0
0
0
0
0
0
0
0
0
0
0
0
0
0
0
0
0
0
0
0
0
0
0
0
0
0
0
0
0
0
0
0
0
0
0
0
0
0
0
0
0
0
0
0
0
0
0
0
0
0
0
0
0
0
0
0
0
0
0
0
0
0
0
0
0
0
0
0
0
0
0
0
0
0
0
0
0
0
0
0
0
0
0
0
0
0
0
0
0
0
0
0
0
0
0
0
0
0
0
0
0
0
0
0
0
0
0
0
0
0
0
0
0
0
0
0
0
0
0
0
0
0
0
0
0
0
0
0
0
0
0
0
0
0
0
0
0
0
0
0
0
0
0
0
0
0
0
0
0
0
0
0
0
0
0
0
0
0
0
0
0
0
0
0
0
0
0
0
0
0
0
0
0
0
0
