Case #1: 3 6
Case #2: 1
Case #3: IMPOSSIBLE
Case #4: 1 2
Case #5: 2 6 7
Case #6: 192153584101141163
Case #7: 686364327 105700106286
Case #8: 12345678901234568
Case #9: 34632060025006 1696970941225256 3359309822425506 5021648703625756 6683987584826006 8346326466026256 10008665347226506 11671004228426756 16658020872027506 18320359753227756 19982698634428006 21645037515628256 23307376396828506 24969715278028756 26632054159229006 28294393040429256 33281409684030006 34943748565230256 36606087446430506 38268426327630756 39930765208831006 41593104090031256 43255442971231506 44917781852431756 49904798496032506 51567137377232756 53229476258433006 54891815139633256 56554154020833506 58216492902033756 59878831783234006 66528187308034957 68190526189232806 69852865070315407 71515203945750856 73177542544475857 74839867584388906 76501528242516307
Case #10: IMPOSSIBLE
Case #11: 1 2 3 4
Case #12: 739789384 43647573605 172370926268 301094278931 344002063152 472725415815 601448768478 644356552699 773079905362 901803258025 944711042246 1073434394909 1202157747572 1245065531793 1373788884456 1502512237119 1545420021340 1674143374003 1802866726666 1845774510887 1974497863550 2103221216213 2146129000434 2274852353038 2403563379480
Case #13: 103 30406 60709 91012 121315 151618 181921 212224 242527 272830 303133 333436 363739 394042 424345 454648 484951 515254 545557 575860 606163 636466 666769 697072 727375 757678 787981 818284 848587 878890 909193 939496 969799 990002
Case #14: 6
Case #15: 241922298543 29998365019236 89511250460622 119267693181315 178780578622701 268049906784780 357319234870965
Case #16: 1 2 3 4 5 6 7 8 9 10 11 12 13 14 15 16 17 18 19 20
Case #17: 1
Case #18: 28
Case #19: 16
Case #20: 1159 38219 75279 112339 149399 186459 223519 260579 297639 334699 371759 408819 445879 519999 557059 594119 668239 705299 742359 816479 853539 890599 964719 1001779 1038839 1112926 1148897 1150020
Case #21: 526810509904322 243913266085700745 487299721661497168 730686177237293548
Case #22: 2 12
Case #23: 1235 56790
Case #24: IMPOSSIBLE
Case #25: 102030405060709 91011121314151618 181920212223242527 272829303132333436 363738394041424345 454647484950515254 545556575859606163 636465666768697072 727374757677787981 818283848586878890 909192939495969799 990001020304050608
Case #26: IMPOSSIBLE
Case #27: IMPOSSIBLE
Case #28: 228 6138 12048 17958 23868 29778 35478
Case #29: IMPOSSIBLE
Case #30: 183251937963
Case #31: 1985700117 121127707104 240269714091 359411721078 478553728065 597695725329 716747687613
Case #32: 22
Case #33: IMPOSSIBLE
Case #34: IMPOSSIBLE
Case #35: IMPOSSIBLE
Case #36: 672605 37740615 38338486
Case #37: IMPOSSIBLE
Case #38: IMPOSSIBLE
Case #39: 14424015005 4860893056405 5553245776605 10399714818005 11092067538205 16630889299805 22169711061405 27708532823005 32555001864406
Case #40: 2011606386
Case #41: 96 26325 52554 78783 105012 131241 157470 183699 209928 236157 262386 288615 314844 341073 367302 393531 419760 445989 472218 498447 524676 550905 577134 603363 629592 655821 682050 708279 734508 760737 786966
Case #42: 1
Case #43: 15473896 417795173 820116450 1222437727 1624759004 2027080281 2831722835 3234044112 3636365389 4038686666 4441007943 4843329220 5647971774 6050293051 6452614328 6854935605 7257256882 7659578159 8464220686 8866541234 9268842828 9670632664 10058605034
Case #44: 434 2844
Case #45: 70914128 5460387812 10849861496 16239335180 21628640444
Case #46: 10204 4050608 8091012 12131416 16171820 20212224 24252628 28293032 32333436 36373840 40414244 44454648 48495052 52535456 56575860 60616264 64656668 68697072 72737476 76777880 80818284 84858688 88899092 92939496 96979900
Case #47: IMPOSSIBLE
Case #48: 623749 57384866
Case #49: IMPOSSIBLE
Case #50: 268822560488 170164680788336 340060539016184 509956397244032 679852255471880 849748113699728 1019643971927576 1189539830155424 1359435688383272 1529331546611120
Case #51: 3002399751580331 6004799503160662
Case #52: 2 204 406 608 810 1012 1214 1416 1618 1820 2022 2224 2426 2628 2830 3032 3234 3436 3638 3840 4042 4244 4446 4648 4850 5052 5254 5456 5658 5860 6062 6264 6466 6668 6870 7072 7274 7476 7678 7880 8082 8284 8486 8688 8890 9092 9294 9496 9698 9900
Case #53: 386182716893 32825530935829 65264879154765 97704227373701 130143575592637 195022272030509 227461620249445 259900968468381 292340316687317 324779664906253 357219013125189 389658361344125 454537057781997 486976406000933 519415754219869 551855102438805 584294450657741 616733798876677 649173147095613 714051843533485 746491191752421 778930539971357 811369888190293 843809236409229 876248584628165 908687932847101 973566629284973 1006005977503909 1038445325722845 1070884673941781 1103324022160717 1135763370379653 1168202718598589 1233081415036461 1265520763255397 1297960111474333 1330399459693269 1362838807912205 1395278156131141 1427717504350077 1492596200787949 1525035549006885 1557474897225821 1589914245444757 1622353593663693 1654792941882629 1687232290101565 1752110986539437 1784550334758373 1816989682977309 1849429031196245 1914307727634117 1946747075853053 2011625772290925 2044065120509861 2076504468728797 2108943816947733 2173822513385605 2206261861604541 2271140558042413 2303579906261349 2336019254480285 2368458602699221 2433337299137093 2465776647356029 2530655343793816 2563094692005527 2595534039610338 2627973335628649 2692470445497771 2692852084888582
Case #54: 2759406
Case #55: 45231404169067
Case #56: 2466070017848408 46855330339119748 91244590660391088 135633850981662428 180023111302933768 268801631945476429 313190892266747408 357580152588011889 401969412909152908 490747933502173608 535137192929573209 579526436267281508 623915373900855069 668298503155868608 712571273218241729 754747218620446908 757083495479461189
Case #57: IMPOSSIBLE
Case #58: 15264778 1877567584 3739870390 5602173196 7464476002 9326778808 11189081614 13051384420 14913687226 16775990032 18638292838 20500595644 22362898450 24225201256 26087504062 27949806868 29812109674 31674412480 33536715286 35399018092 37261320898 39123623704 40985926510 42848229316 44710532122 46572834928 48435137734 50297440540 52159743346 54022042246 55869330388
Case #59: 1
Case #60: 3
Case #61: 155567147357 11356401756997 22557236366637 33758070976277 44958905585917 56159740195557 67360574805197 78561409414837 89762244024477 112163913243757 123364747853397 134565582463037 145766417072677 156967251682317 168168086291957 179368920901597 201770590120877 212971424730517 224172259340157 235373093949797 246573928559437 257774763169077 268975597778717 291377266997997 302578101607637 313778936217277 324979770826917 336180605436557 347381440046197 358582274655837 380983943875117 392184778484757 403385613094397 414586447704037 425787282313677 436988116923317 448188951532957 470590620752237 481791455361877 492992289971517 504193124581157 515393959190797 526594793800437 537795628410077 560197297629357 571398132238997 582598966848637 593799801458277 605000636067917 616201470677557 627402305287197 649803974506477 661004809116117 672205643725757 683406478335397 694607312945037 705808147554677 717008982164317 739410651383524 750611485987835 761812320208458 773013126419857 784211887957904 795261388341255 795414824431798
Case #62: IMPOSSIBLE
Case #63: 6
Case #64: 54 8013 15972 23931 31890 39849 47808 55767 63726 71685 79644 87603 95562 103521 111480 119439 127398
Case #65: 7 50
Case #66: IMPOSSIBLE
Case #67: 141
Case #68: 24857812965894 1168317209396982 2311776605828070 3455236002259158 4598695398690246 5742154795121334 6885614191552422 9172532984414598 10315992380845686 11459451777276774 12602911173707862 13746370570138950 14889829966570038 16033289363001126 17176748759432214 18320208155863302 20607126948725478 21750586345156566 22894045741587654 24037505138018742 25180964534449830 26324423930880918 27467883327312006 28611342723743094 29754802120174182 32041720913036358 33185180309467446 34328639705898534 35472099102329622 36615558498760710 37759017895191798 38902477291622886 40045936688053974 41189396084485062 43476314877347191 44619774273776070 45763233670103335 46906693061654742 48050152228740823 49193600845956582 51456201729036534 51480530652364855
Case #69: 1
Case #70: 1
Case #71: 5628 827178 1648728 2470278 3291828 4113378 4934928 5756478 6578028 7399578 8221128 9042678 9864228 10685778 11507328 12328878 13150428 13971978 14793528 15615078 16436628 17258178 18079728 18901278 19722828 20544378 21365928 22187478 23009028 23830578 24652128 25473678 26295228 27116778 27938328 28759878 29575878
Case #72: IMPOSSIBLE
Case #73: IMPOSSIBLE
Case #74: 94148410 18358939768 36623731126 54888522484 73153313842 91418105200 109682896558 127947687916 146212479274 164477270632 182742061990 201006853348 219271644706 237536436064 255801227422 274066018780 292330810138 310595601496 328860392854 347125184212 365389975570 383654766928 401919558286 420184349644 438449141002 456713932360 474978723718 493243515076 511508306434 529773097792 548037889150 566302680508 584567471866 602832263224 621097054582 639361845940 657626637298 675891428656 694156220014 712421011372 730685802730 748950594088 767215385446 785480176804 803744968162 822009759520 858539332534 876710945884
Case #75: 75056076634006 8031000199838556 23942888446247656 39854776692656756 47810720815861306 63722609062270406 79634497308679506 87590441431884056 103502329678293156 119414217924702256 127370162047906806 143282050294315906 159193938540725006 167149882663929556 183061770910335686 198973633894007946
Case #76: 258179 32272261 80293384 112307466 160328589 192342671 240363794 272377876 320398999 352413081 400434204 432448286 480469409 512483491 560504614 592518696 640539819 672553901 720575024 752589106 800610229 880645434 960676607
Case #77: 1193047 19088744 54880138 90671532 108567229 126462926 144358623 180150001 215937043 250614325 251732806
Case #78: IMPOSSIBLE
Case #79: 86593058825191801
Case #80: IMPOSSIBLE
Case #81: IMPOSSIBLE
Case #82: IMPOSSIBLE
Case #83: 85591965318 1968615202302 7617684913254 9500708150238 13266754624206 15149777861190 18915824335158 20798847572142 26447917283071 28330940519526 32096986701486 33980003502127 37742497114759 39547209366462
Case #84: IMPOSSIBLE
Case #85: 2
Case #86: IMPOSSIBLE
Case #87: 1 2 3 4 5 6 7 8 9 10 11 12 13 14 15 16 17 18 19 20 21 22 23 24 25 26 27 28 29 30 31 32 33 34 35 36 37 38 39 40 41 42 43 44 45 46 47 48 49 50 51 52 53 54 55 56 57 58 59 60 61 62 63 64 65 66 67 68 69 70 71 72 73 74 75 76 77 78 79 80 81 82 83 84 85 86 87 88 89 90 91 92 93 94 95 96 97 98 99 100
Case #88: 226925207756233 56277451456177286
Case #89: IMPOSSIBLE
Case #90: 1020305 506070810 1011121315 1516171820 2021222325 2526272830 3031323335 3536373840 4041424345 4546474850 5051525355 5556575860 6061626365 6566676870 7071727375 7576777880 8081828385 8586878890 9091929395 9596979900
Case #91: IMPOSSIBLE
Case #92: IMPOSSIBLE
Case #93: 933666069237 140983576454664 281033486840091 421083397225518 561133307610945 701183217996372 841233128381799 981283038767226 1121332949152653 1261382859538080 1401432769923507 1681532590694361 1821582501079788 2101682321715339 2241714284022513
Case #94: 1
Case #95: 1 2 3 4 5 6 7 8 9 10 11 12 13 14 15 16 17 18 19 20 21 22 23 24 25 26 27 28 29 30 31 32 33 34 35 36 37 38 39 40 41 42 43
Case #96: 30518510416063597
Case #97: 117690 12122004 24126318
Case #98: 1 2 3
Case #99: 2 7
Case #100: IMPOSSIBLE
