455
-231
-252
77
95
0
-132
337
102
73
328
93
336
-161
-191
144
189
101
51
137
461
0
390
60
183
0
76
-80
297
138
-189
92
0
256
-142
189
-17
442
-42
-83
-53
295
145
-1
-143
-150
-71
38
-57
-95
51
-84
29
81
-70
-104
83
593
-51
164
100
182
198
46
-256
79
88
207
229
5
31
0
41
-104
-174
320
204
141
-91
332
-99
60
-3
26
48
-87
-86
495
211
-22
180
93
-150
40
-37
354
80
185
-1
332
-135
-67
359
106
45
-54
-182
-146
172
78
329
22
102
121
-1
85
0
-216
-180
397
216
84
294
-71
159
-26
28
-162
307
-148
-208
85
73
62
252
85
96
-148
-78
-220
87
158
-114
-73
-104
98
-291
257
-72
82
-152
134
118
370
-219
499
0
5
243
-345
-7
-203
83
161
203
151
-122
-17
-196
78
151
0
193
301
423
-131
22
98
807
445
-9
-3
186
54
312
-343
208
-6
-82
88
84
149
75
147
218
-102
84
-2
152
-152
13
8
122
-40
-220
194
0
71
68
171
142
190
126
430
160
-152
74
117
0
220
268
213
-264
-206
-159
66
288
138
80
196
0
-17
291
-162
51
175
-113
-77
-147
0
96
0
-88
4
441
55
64
512
-17
164
-176
218
76
297
31
258
-1
0
-138
-164
31
324
-193
239
-7
-139
-87
-22
583
318
-95
-380
320
223
-175
13
76
278
-54
-80
-285
-159
14
-262
99
261
4
363
-48
-281
-387
0
-60
292
71
145
59
209
365
268
270
85
0
-13
158
308
193
148
0
3
44
138
-65
86
57
145
98
641
120
64
-175
209
-137
-239
429
67
196
-91
-305
46
78
-36
132
292
22
246
19
128
-123
-107
15
229
13
428
184
5
35
-122
48
-201
282
102
144
-105
357
712
0
-195
0
-128
-198
0
-157
-24
85
-269
-84
-178
-60
-184
189
255
165
-161
259
41
78
125
-65
-15
198
100
-219
75
109
-3
-132
427
-61
197
135
-187
29
65
194
18
263
-188
155
-40
-360
154
163
16
-87
300
161
-108
202
-78
0
-404
306
-411
84
81
29
-106
158
-52
474
-57
414
93
228
-135
-90
39
46
245
-78
237
16
195
97
263
11
183
338
27
-162
-249
-107
-184
-291
0
95
-78
-98
-204
125
315
164
202
173
154
-138
76
-193
499
-171
84
145
-22
173
-534
325
-121
0
20
271
23
75
90
46
27
306
74
316
-71
173
-343
159
-96
130
-76
107
407
0
-108
87
145
-338
-258
37
343
-43
-100
-46
316
-483
615
112
108
93
-54
255
465
81
-319
-68
-278
30
187
192
135
223
87
404
-178
642
38
93
72
64
343
154
150
311
198
-41
146
0
-62
99
283
373
74
46
239
231
163
185
158
35
136
-69
-61
-460
91
-37
226
-7
192
-27
-370
496
337
-136
286
333
92
-15
-30
72
9
32
-409
93
100
497
81
0
-90
262
-12
-34
254
104
-30
-99
141
39
-194
-82
83
181
-117
121
81
146
-69
35
185
113
-99
-116
-19
132
401
-130
-55
-71
-80
188
68
-179
365
212
224
441
184
67
-149
-39
-29
164
-191
-191
-24
36
-59
-69
157
28
-132
-114
114
97
191
201
-315
645
-361
-165
270
-83
268
208
115
85
65
-319
-178
161
-214
5
7
-94
57
-67
49
-31
-2
303
197
71
2
32
-201
-101
50
150
-102
457
-15
