330
897
105
376
378
578
607
864
267
785
988
78
298
469
496
672
440
629
754
796
244
726
267
732
61
94
187
232
503
744
293
409
775
897
84
116
355
516
78
685
130
804
80
220
410
45
631
178
413
845
937
55
367
566
598
944
472
885
947
952
182
787
990
121
153
200
263
352
402
426
48
201
399
653
232
236
449
822
721
820
989
122
736
667
884
101
463
718
730
898
200
838
212
374
428
543
545
923
961
375
566
738
16
491
937
941
293
407
515
687
191
307
521
563
642
94
126
369
560
593
634
667
678
696
759
844
906
813
287
161
361
602
721
753
879
145
320
352
517
27
278
19
63
149
278
831
873
90
119
273
951
31
134
874
179
280
340
764
770
787
835
868
643
637
993
56
201
387
484
614
851
124
344
520
742
324
414
522
885
937
339
57
198
371
608
337
340
6
271
380
596
618
707
935
978
148
419
699
872
46
130
149
203
232
315
326
349
462
528
581
585
680
808
875
949
101
492
822
135
96
97
115
295
545
675
790
910
48
126
227
359
780
101
361
678
759
644
704
915
972
180
495
742
86
121
639
874
899
966
366
764
793
476
766
412
736
45
854
443
149
154
371
410
434
479
539
562
854
233
474
608
699
859
875
994
729
481
535
59
313
960
624
989
460
52
110
621
811
967
54
96
349
369
470
258
515
627
719
97
217
712
913
51
71
173
457
477
580
597
738
500
916
254
296
755
997
372
485
623
135
357
524
608
539
564
322
374
444
647
667
759
768
797
28
243
266
513
714
795
179
447
522
554
896
490
108
352
927
517
966
440
149
338
598
618
752
997
53
117
209
921
911
816
159
95
458
570
922
185
246
353
424
444
548
41
594
754
834
852
522
167
246
232
262
302
324
411
466
552
581
629
643
669
673
898
904
154
867
83
191
428
661
409
378
592
743
885
948
959
510
974
129
581
700
728
988
26
66
76
328
376
794
306
375
800
873
302
891
98
205
225
259
305
343
410
446
483
527
637
738
745
841
898
637
401
497
520
619
983
148
393
952
162
163
404
542
149
124
102
113
137
570
680
186
226
60
232
421
754
813
887
889
962
9
411
895
95
155
278
618
625
703
960
7
49
229
234
243
312
390
514
382
799
35
707
732
819
81
791
684
126
267
827
308
598
607
656
879
168
248
491
629
672
45
137
179
643
806
807
994
997
494
311
651
977
943
213
330
485
519
585
637
713
750
994
385
515
641
834
914
95
272
410
570
273
378
467
953
996
227
393
504
634
886
997
407
706
862
287
941
10
168
396
483
732
884
974
351
907
55
168
423
465
579
590
657
798
866
889
182
151
886
232
713
321
407
735
802
890
979
20
759
975
822
43
185
530
679
694
753
899
73
956
469
48
508
948
570
918
50
134
233
272
213
313
558
669
904
951
22
39
814
850
590
643
797
34
71
229
465
30
203
447
565
622
97
144
150
251
332
450
512
964
238
242
705
934
12
85
842
889
352
992
888
371
378
547
167
602
700
885
894
101
246
332
696
968
222
366
498
606
115
130
538
37
104
149
307
396
405
753
899
915
762
316
445
874
666
182
341
407
937
52
87
159
166
244
697
861
122
277
835
859
679
227
509
512
583
612
636
903
909
968
989
635
274
866
952
174
221
227
228
234
270
312
405
511
632
719
727
761
821
833
938
985
165
717
580
857
908
213
239
355
748
135
286
402
635
874
128
138
190
456
555
836
851
862
946
987
91
343
679
73
201
315
378
701
325
208
661
794
78
295
307
340
824
830
882
459
466
833
846
847
86
404
871
430
513
659
263
501
780
832
957
187
200
362
500
652
950
562
606
665
940
646
717
57
355
478
684
854
873
10
984
102
154
785
791
183
782
91
710
728
47
106
394
446
592
635
691
880
358
338
669
796
167
398
471
937
946
14
40
120
129
157
296
423
594
780
783
178
293
397
550
555
619
648
678
733
740
584
42
125
347
904
692
807
753
20
44
58
127
173
287
323
345
409
431
446
592
600
627
847
879
888
70
340
446
771
810
965
178
194
319
643
807
47
86
105
329
618
742
782
794
802
106
115
533
110
135
344
656
970
730
318
381
932
954
106
603
681
46
286
345
390
577
707
791
824
385
860
406
674
686
948
57
71
87
115
187
261
337
746
767
993
340
604
725
864
82
367
440
48
534
688
807
429
688
937
194
394
530
562
766
92
121
448
969
49
998
381
21
222
343
912
500
556
575
646
843
115
385
433
479
705
335
357
597
635
731
594
31
83
102
151
214
346
485
554
300
481
648
822
991
42
155
197
819
842
871
385
702
146
58
214
406
428
584
659
847
921
833
635
43
438
536
863
16
324
503
81
103
368
402
470
635
811
331
411
417
322
367
390
531
672
791
802
810
904
185
426
98
301
329
348
383
658
303
504
543
562
592
624
637
835
977
20
288
458
815
14
909
935
501
659
166
306
391
408
502
98
431
916
759
89
357
728
750
202
285
565
245
899
64
111
810
831
6
799
908
621
798
62
76
466
627
754
814
853
907
865
898
399
62
528
24
149
255
390
411
777
949
173
248
364
583
595
775
780
968
53
390
149
155
513
782
139
233
274
399
639
823
872
971
187
525
859
360
699
720
430
63
164
261
291
444
156
338
470
484
590
752
790
871
9
210
535
164
637
720
232
545
595
101
121
619
98
255
324
875
304
354
404
465
479
497
872
503
866
152
161
183
333
383
413
516
776
800
931
234
328
565
585
975
930
163
224
383
415
567
589
820
1000
176
344
473
627
966
753
812
766
205
230
272
495
56
127
177
361
545
753
768
826
919
944
991
853
883
1000
38
136
295
497
909
327
497
644
650
673
891
254
817
821
15
517
772
55
165
320
826
186
187
216
293
300
324
675
799
807
23
71
393
503
519
777
103
201
842
633
105
196
727
673
808
127
465
827
388
581
656
675
202
363
379
398
944
649
12
396
615
655
73
139
589
786
883
12
39
126
129
275
329
842
950
505
805
125
424
542
757
784
312
479
216
283
702
799
388
530
660
914
926
235
319
410
537
538
650
865
927
945
113
756
757
996
14
315
565
609
669
71
156
973
134
191
326
453
492
666
680
894
938
59
256
278
330
361
606
702
84
92
267
322
408
465
760
391
724
295
841
894
958
323
8
766
48
398
9
129
752
357
977
637
819
159
203
257
571
762
782
797
904
910
959
999
165
667
673
917
5
204
208
372
437
536
661
711
848
967
786
810
637
45
83
352
385
575
643
754
998
3
154
245
263
288
428
486
508
526
643
731
811
865
871
927
959
972
528
82
30
74
504
540
720
942
54
142
852
87
280
475
630
697
745
18
298
937
986
82
235
346
419
583
585
717
726
797
831
868
891
934
971
519
56
264
604
812
289
571
611
124
316
350
545
880
854
729
39
56
229
442
547
681
800
858
958
261
802
961
138
386
644
779
858
911
995
100
914
73
78
337
503
794
889
954
293
372
482
990
367
368
416
976
984
252
276
415
568
819
871
69
342
745
959
439
506
991
74
76
88
135
332
559
583
634
699
858
925
942
229
33
165
177
227
244
259
363
441
592
736
827
853
937
126
137
480
525
532
852
174
223
892
778
825
435
451
491
561
640
998
23
470
477
537
601
785
281
250
880
68
273
479
626
987
319
580
766
153
425
546
633
773
778
791
978
993
573
20
33
125
178
207
212
353
360
363
387
424
509
552
558
596
644
740
764
877
934
966
148
157
274
406
412
425
450
538
577
644
681
732
972
980
50
101
295
367
371
386
484
646
676
690
706
744
925
415
526
624
744
992
270
298
677
874
898
62
234
243
253
334
343
400
599
600
619
862
880
922
466
30
147
322
360
365
373
398
426
485
526
530
556
624
653
768
815
830
835
836
846
955
96
545
906
12
268
509
707
116
235
275
334
894
940
941
953
89
195
298
425
431
433
679
763
821
905
950
424
792
574
942
12
343
593
947
80
391
619
899
916
128
136
257
379
572
859
956
422
480
530
689
905
57
768
787
934
513
527
780
14
93
112
215
445
408
130
664
737
926
54
357
452
455
814
947
964
140
315
357
365
459
501
681
931
127
145
161
166
233
603
789
879
968
314
700
899
94
168
292
336
563
752
776
126
209
377
413
430
836
943
65
73
679
924
995
210
299
364
614
729
780
828
879
889
897
920
947
964
65
110
166
501
749
984
6
318
360
499
564
706
741
925
989
210
430
912
684
714
345
379
464
905
67
434
517
559
793
579
757
178
158
164
390
543
550
645
701
728
846
39
210
512
940
757
978
410
554
42
749
807
89
436
446
232
491
664
304
137
252
300
858
150
373
518
519
654
761
801
815
925
947
601
774
871
51
218
400
568
927
146
688
742
12
235
733
769
923
29
129
743
858
956
78
86
264
682
838
874
811
128
268
328
352
593
679
749
822
304
325
512
857
179
196
288
796
826
991
997
918
213
657
804
444
248
616
890
208
879
354
433
600
608
655
827
328
410
477
536
710
789
181
244
495
570
632
892
36
99
737
972
250
305
417
138
180
393
355
85
749
322
191
303
463
650
737
761
778
860
271
995
379
405
467
497
508
677
705
736
740
790
868
962
991
302
137
327
433
466
473
483
871
905
883
237
251
256
273
341
627
869
38
52
362
463
509
776
926
478
740
830
952
86
93
237
301
359
448
619
741
849
162
435
440
594
695
814
436
918
700
380
882
635
61
634
660
65
227
258
331
373
559
751
805
423
727
340
670
217
300
347
803
160
202
266
275
484
492
236
284
912
79
521
550
440
481
644
682
742
758
66
188
254
288
608
776
788
936
301
417
913
37
102
308
416
417
651
682
801
810
984
999
95
180
565
840
408
732
784
841
956
388
522
601
456
87
376
744
793
655
82
85
321
500
627
713
716
860
902
41
185
598
91
477
847
997
367
719
947
964
996
355
2
122
335
378
544
569
691
991
66
80
276
441
520
573
648
869
914
4
230
602
765
423
689
928
637
885
25
194
285
331
376
478
528
649
925
962
57
305
473
804
40
127
128
728
85
110
123
205
317
602
123
170
222
289
354
360
387
433
581
588
640
641
685
746
779
903
914
985
933
846
898
163
354
463
559
625
719
740
755
910
977
79
81
228
234
309
330
385
592
620
667
195
251
582
201
212
237
242
268
437
442
546
832
952
978
257
805
306
497
798
82
106
206
981
526
576
640
1000
417
583
98
138
143
459
675
964
476
439
921
573
588
710
980
613
207
68
103
523
627
729
783
935
107
635
397
818
170
650
696
768
972
548
664
213
472
502
519
604
686
736
133
620
622
626
860
964
39
90
141
697
175
166
227
388
446
517
746
866
290
372
807
914
947
187
875
918
373
637
786
69
425
922
200
816
56
998
91
380
435
662
851
177
180
725
106
268
590
670
329
405
621
647
736
770
833
841
928
111
139
141
144
148
166
698
954
804
4
18
140
141
460
462
617
955
984
12
99
111
457
667
699
705
763
976
990
201
91
117
236
516
536
539
609
651
714
309
667
666
668
53
410
747
809
828
968
8
82
140
150
181
235
338
352
453
570
613
723
860
951
971
325
466
47
53
928
378
462
764
947
156
191
357
539
567
669
799
6
120
184
307
665
117
243
566
701
743
908
863
226
554
813
900
952
954
37
68
130
151
223
231
258
283
337
366
371
381
500
768
853
960
12
242
389
514
635
778
866
939
952
121
125
217
238
328
400
529
684
785
832
847
853
870
934
158
211
439
127
101
116
340
425
514
110
276
346
817
846
133
914
146
205
398
737
220
300
577
589
751
43
463
494
542
775
940
55
189
496
681
794
950
295
652
749
943
569
13
243
757
203
950
938
158
891
370
482
311
318
493
702
733
852
473
703
826
32
54
274
398
420
660
257
330
479
567
585
714
111
453
155
362
422
468
598
700
811
864
895
978
10
250
628
74
443
884
933
18
71
651
866
871
126
333
445
963
445
182
460
696
995
999
427
942
132
171
184
492
701
930
158
256
271
438
513
523
540
12
69
147
202
256
335
374
465
612
789
868
904
531
694
826
370
784
409
488
674
688
701
142
275
656
151
216
330
302
628
397
728
615
875
10
363
587
44
60
340
347
356
451
470
494
631
705
735
737
744
762
795
873
959
994
993
92
720
218
301
727
241
534
598
370
900
73
133
217
315
619
633
899
967
987
251
500
5
550
578
781
132
289
446
518
595
902
492
614
897
273
383
553
573
691
731
115
274
287
371
441
937
951
331
451
739
871
744
834
67
85
359
390
664
757
771
839
976
170
271
987
451
561
592
902
346
113
10
14
40
275
318
434
585
591
799
896
53
167
222
234
351
436
492
619
448
508
46
480
828
894
7
524
787
588
660
28
138
346
674
733
991
202
484
697
97
363
584
780
904
993
26
79
89
265
567
847
873
874
931
964
258
287
376
489
85
234
357
562
417
873
906
979
173
230
402
535
937
21
675
701
913
340
385
507
827
853
54
62
116
165
316
340
365
390
604
611
614
741
820
884
914
919
3
48
277
308
319
463
805
920
959
395
485
505
936
14
224
388
580
712
747
121
734
768
987
990
214
641
892
895
66
89
340
546
562
78
200
254
391
456
825
827
830
930
951
384
692
100
109
227
477
609
652
655
776
875
89
207
411
465
513
568
620
642
657
703
758
874
621
634
863
957
980
860
37
163
382
408
482
630
831
527
334
821
501
671
155
301
260
370
460
639
702
314
204
270
308
392
443
632
690
757
905
919
950
169
171
352
788
812
895
977
140
333
370
449
838
958
991
581
975
624
976
24
717
813
92
185
357
395
648
769
813
871
946
951
589
817
836
831
409
558
600
602
824
365
455
816
121
228
218
746
798
940
942
855
52
568
150
156
279
971
158
574
106
895
169
975
766
976
202
912
777
527
664
788
370
405
612
676
866
97
499
565
870
133
659
763
660
919
189
313
774
300
175
358
57
608
770
4
82
184
336
428
733
245
378
843
429
671
930
126
601
663
694
755
811
853
946
56
279
582
64
209
625
758
371
374
546
562
752
328
289
906
716
393
456
473
557
630
18
113
455
750
986
24
471
560
586
621
638
800
859
22
24
51
71
148
151
193
327
371
382
406
451
482
684
799
830
923
298
473
667
880
49
195
619
77
105
161
210
250
311
324
400
482
299
505
3
228
307
501
508
941
124
334
446
280
681
756
924
978
549
132
470
926
984
693
379
482
518
654
727
303
612
366
907
357
673
304
635
23
100
231
341
776
5
682
3
339
151
454
674
714
818
115
235
298
323
524
576
944
417
541
863
9
83
350
845
944
162
224
322
682
826
881
18
41
637
784
83
364
431
672
364
244
675
568
705
796
233
643
174
232
382
443
243
495
613
641
777
861
76
147
535
813
819
861
912
988
990
868
39
234
634
785
884
154
591
265
302
412
509
587
633
765
766
824
851
991
984
568
58
211
938
392
412
65
967
266
573
670
695
59
185
458
770
806
939
74
146
159
199
490
666
680
692
699
911
989
304
388
197
219
289
306
551
622
661
890
934
667
32
284
604
868
968
140
519
103
413
473
480
681
755
873
54
284
791
958
221
982
998
216
221
277
368
315
376
31
377
27
149
910
598
438
639
701
771
789
927
938
978
499
631
393
174
425
831
865
796
62
88
453
692
808
841
10
529
517
187
6
339
695
869
353
996
94
101
484
535
786
830
637
851
701
207
222
168
171
458
613
110
266
303
308
333
402
547
624
634
943
303
374
563
46
95
318
688
716
892
219
146
225
851
254
52
80
252
366
394
411
462
503
518
564
608
644
692
694
698
709
744
982
790
36
54
108
120
161
465
501
521
554
746
971
199
945
366
421
591
677
108
208
216
447
720
288
690
507
744
267
433
61
466
535
802
130
573
589
760
805
823
893
967
575
959
37
82
93
368
894
72
87
182
221
246
282
390
480
560
665
718
871
921
950
45
59
208
321
702
48
376
482
289
333
429
858
914
123
230
290
739
240
289
847
965
336
562
100
756
932
998
897
83
515
680
729
796
175
337
393
543
120
244
516
949
113
8
799
996
280
417
426
441
478
59
72
231
133
12
25
141
275
333
409
545
704
882
927
57
237
322
529
531
135
368
564
972
366
535
940
321
541
552
555
643
706
893
567
686
724
847
928
902
107
703
836
862
935
169
693
519
29
34
174
176
262
279
307
335
364
556
817
888
795
174
855
877
917
5
47
93
195
211
640
855
968
33
119
216
312
332
608
710
252
326
429
596
774
795
930
418
422
135
443
485
493
498
644
962
973
993
292
317
559
860
334
432
611
847
513
363
440
35
406
447
519
548
681
695
753
890
572
598
63
717
972
981
136
812
923
937
457
712
153
406
559
592
709
755
222
397
619
648
771
787
961
977
598
968
577
174
288
323
116
280
364
445
500
616
629
632
696
752
794
838
873
393
414
455
776
824
856
181
429
385
475
187
398
798
141
956
985
3
76
433
640
765
111
488
577
752
255
400
428
670
754
967
114
177
297
260
392
8
138
352
613
680
36
79
102
218
296
428
509
830
896
516
573
932
69
125
561
604
728
840
474
261
427
735
